-10                      4.53999e-05
-9.99                      4.58562e-05
-9.98                      4.63171e-05
-9.97                      4.67826e-05
-9.96                      4.72527e-05
-9.95                      4.77276e-05
-9.94                      4.82073e-05
-9.93                      4.86918e-05
-9.92                      4.91812e-05
-9.91                      4.96754e-05
-9.9                      5.01747e-05
-9.89                      5.06789e-05
-9.88                      5.11883e-05
-9.87                      5.17027e-05
-9.86                      5.22223e-05
-9.85                      5.27472e-05
-9.84                      5.32773e-05
-9.83                      5.38128e-05
-9.82                      5.43536e-05
-9.81                      5.48998e-05
-9.8                      5.54516e-05
-9.79                      5.60089e-05
-9.78                      5.65718e-05
-9.77                      5.71403e-05
-9.76                      5.77146e-05
-9.75                      5.82947e-05
-9.74                      5.88805e-05
-9.73                      5.94723e-05
-9.72                      6.007e-05
-9.71                      6.06737e-05
-9.7                      6.12835e-05
-9.69                      6.18994e-05
-9.68                      6.25215e-05
-9.67                      6.31499e-05
-9.66                      6.37845e-05
-9.65                      6.44256e-05
-9.64                      6.50731e-05
-9.63                      6.5727e-05
-9.62                      6.63876e-05
-9.61                      6.70548e-05
-9.6                      6.77287e-05
-9.59                      6.84094e-05
-9.58                      6.90969e-05
-9.57                      6.97914e-05
-9.56                      7.04928e-05
-9.55                      7.12013e-05
-9.54                      7.19168e-05
-9.53                      7.26396e-05
-9.52                      7.33697e-05
-9.51                      7.4107e-05
-9.5                      7.48518e-05
-9.49                      7.56041e-05
-9.48                      7.63639e-05
-9.47                      7.71314e-05
-9.46                      7.79066e-05
-9.45                      7.86896e-05
-9.44                      7.94804e-05
-9.43                      8.02792e-05
-9.42                      8.1086e-05
-9.41                      8.19009e-05
-9.4                      8.27241e-05
-9.39                      8.35555e-05
-9.38                      8.43952e-05
-9.37                      8.52434e-05
-9.36                      8.61001e-05
-9.35                      8.69654e-05
-9.34                      8.78394e-05
-9.33                      8.87222e-05
-9.32                      8.96139e-05
-9.31                      9.05145e-05
-9.3                      9.14242e-05
-9.29                      9.23431e-05
-9.28                      9.32711e-05
-9.27                      9.42085e-05
-9.26                      9.51553e-05
-9.25                      9.61116e-05
-9.24                      9.70776e-05
-9.23                      9.80532e-05
-9.22                      9.90387e-05
-9.21                      0.000100034
-9.2                      0.000101039
-9.19                      0.000102055
-9.18                      0.000103081
-9.17                      0.000104117
-9.16                      0.000105163
-9.15                      0.00010622
-9.14                      0.000107287
-9.13                      0.000108366
-9.12                      0.000109455
-9.11                      0.000110555
-9.1                      0.000111666
-9.09                      0.000112788
-9.08                      0.000113922
-9.07                      0.000115067
-9.06                      0.000116223
-9.05                      0.000117391
-9.04                      0.000118571
-9.03                      0.000119762
-9.02                      0.000120966
-9.01                      0.000122182
-9                      0.00012341
-8.99                      0.00012465
-8.98                      0.000125903
-8.97                      0.000127168
-8.96                      0.000128446
-8.95                      0.000129737
-8.94                      0.000131041
-8.93                      0.000132358
-8.92                      0.000133688
-8.91                      0.000135032
-8.9                      0.000136389
-8.89                      0.00013776
-8.88                      0.000139144
-8.87                      0.000140543
-8.86                      0.000141955
-8.85                      0.000143382
-8.84                      0.000144823
-8.83                      0.000146278
-8.82                      0.000147748
-8.81                      0.000149233
-8.8                      0.000150733
-8.79                      0.000152248
-8.78                      0.000153778
-8.77                      0.000155324
-8.76                      0.000156885
-8.75                      0.000158461
-8.74                      0.000160054
-8.73                      0.000161662
-8.72                      0.000163287
-8.71                      0.000164928
-8.7                      0.000166586
-8.69                      0.00016826
-8.68                      0.000169951
-8.67                      0.000171659
-8.66                      0.000173384
-8.65                      0.000175127
-8.64                      0.000176887
-8.63                      0.000178665
-8.62                      0.00018046
-8.61                      0.000182274
-8.6                      0.000184106
-8.59                      0.000185956
-8.58                      0.000187825
-8.57                      0.000189713
-8.56                      0.000191619
-8.55                      0.000193545
-8.54                      0.00019549
-8.53                      0.000197455
-8.52                      0.000199439
-8.51                      0.000201444
-8.5                      0.000203468
-8.49                      0.000205513
-8.48                      0.000207579
-8.47                      0.000209665
-8.46                      0.000211772
-8.45                      0.0002139
-8.44                      0.00021605
-8.43                      0.000218221
-8.42                      0.000220415
-8.41                      0.00022263
-8.4                      0.000224867
-8.39                      0.000227127
-8.38                      0.00022941
-8.37                      0.000231716
-8.36                      0.000234044
-8.35                      0.000236397
-8.34                      0.000238772
-8.33                      0.000241172
-8.32                      0.000243596
-8.31                      0.000246044
-8.3                      0.000248517
-8.29                      0.000251014
-8.28                      0.000253537
-8.27                      0.000256085
-8.26                      0.000258659
-8.25                      0.000261259
-8.24                      0.000263884
-8.23                      0.000266536
-8.22                      0.000269215
-8.21                      0.000271921
-8.2                      0.000274654
-8.19                      0.000277414
-8.18                      0.000280202
-8.17                      0.000283018
-8.16                      0.000285862
-8.15                      0.000288735
-8.14                      0.000291637
-8.13                      0.000294568
-8.12                      0.000297529
-8.11                      0.000300519
-8.1                      0.000303539
-8.09                      0.00030659
-8.08                      0.000309671
-8.07                      0.000312783
-8.06                      0.000315927
-8.05                      0.000319102
-8.04                      0.000322309
-8.03                      0.000325548
-8.02                      0.00032882
-8.01                      0.000332125
-8                      0.000335463
-7.99                      0.000338834
-7.98                      0.000342239
-7.97                      0.000345679
-7.96                      0.000349153
-7.95                      0.000352662
-7.94                      0.000356206
-7.93                      0.000359786
-7.92                      0.000363402
-7.91                      0.000367055
-7.9                      0.000370744
-7.89                      0.00037447
-7.88                      0.000378233
-7.87                      0.000382034
-7.86                      0.000385874
-7.85                      0.000389752
-7.84                      0.000393669
-7.83                      0.000397625
-7.82                      0.000401622
-7.81                      0.000405658
-7.8                      0.000409735
-7.79                      0.000413853
-7.78                      0.000418012
-7.77                      0.000422213
-7.76                      0.000426457
-7.75                      0.000430743
-7.74                      0.000435072
-7.73                      0.000439444
-7.72                      0.000443861
-7.71                      0.000448321
-7.7                      0.000452827
-7.69                      0.000457378
-7.68                      0.000461975
-7.67                      0.000466618
-7.66                      0.000471307
-7.65                      0.000476044
-7.64                      0.000480828
-7.63                      0.000485661
-7.62                      0.000490542
-7.61                      0.000495472
-7.6                      0.000500451
-7.59                      0.000505481
-7.58                      0.000510561
-7.57                      0.000515692
-7.56                      0.000520875
-7.55                      0.00052611
-7.54                      0.000531398
-7.53                      0.000536738
-7.52                      0.000542133
-7.51                      0.000547581
-7.5                      0.000553084
-7.49                      0.000558643
-7.48                      0.000564257
-7.47                      0.000569928
-7.46                      0.000575656
-7.45                      0.000581442
-7.44                      0.000587285
-7.43                      0.000593187
-7.42                      0.000599149
-7.41                      0.000605171
-7.4                      0.000611253
-7.39                      0.000617396
-7.38                      0.000623601
-7.37                      0.000629868
-7.36                      0.000636198
-7.35                      0.000642592
-7.34                      0.00064905
-7.33                      0.000655574
-7.32                      0.000662162
-7.31                      0.000668817
-7.3                      0.000675539
-7.29                      0.000682328
-7.28                      0.000689186
-7.27                      0.000696112
-7.26                      0.000703108
-7.25                      0.000710174
-7.24                      0.000717312
-7.23                      0.000724521
-7.22                      0.000731802
-7.21                      0.000739157
-7.2                      0.000746586
-7.19                      0.000754089
-7.18                      0.000761668
-7.17                      0.000769323
-7.16                      0.000777055
-7.15                      0.000784864
-7.14                      0.000792752
-7.13                      0.000800719
-7.12                      0.000808767
-7.11                      0.000816895
-7.1                      0.000825105
-7.09                      0.000833397
-7.08                      0.000841773
-7.07                      0.000850233
-7.06                      0.000858778
-7.05                      0.000867409
-7.04                      0.000876127
-7.03                      0.000884932
-7.02                      0.000893825
-7.01                      0.000902809
-7                      0.000911882
-6.99                      0.000921046
-6.98                      0.000930303
-6.97                      0.000939653
-6.96                      0.000949097
-6.95                      0.000958635
-6.94                      0.00096827
-6.93                      0.000978001
-6.92                      0.00098783
-6.91                      0.000997758
-6.9                      0.00100779
-6.89                      0.00101791
-6.88                      0.00102814
-6.87                      0.00103848
-6.86                      0.00104891
-6.85                      0.00105946
-6.84                      0.0010701
-6.83                      0.00108086
-6.82                      0.00109172
-6.81                      0.00110269
-6.8                      0.00111378
-6.79                      0.00112497
-6.78                      0.00113627
-6.77                      0.00114769
-6.76                      0.00115923
-6.75                      0.00117088
-6.74                      0.00118265
-6.73                      0.00119453
-6.72                      0.00120654
-6.71                      0.00121866
-6.7                      0.00123091
-6.69                      0.00124328
-6.68                      0.00125578
-6.67                      0.0012684
-6.66                      0.00128115
-6.65                      0.00129402
-6.64                      0.00130703
-6.63                      0.00132016
-6.62                      0.00133343
-6.61                      0.00134683
-6.6                      0.00136037
-6.59                      0.00137404
-6.58                      0.00138785
-6.57                      0.0014018
-6.56                      0.00141589
-6.55                      0.00143012
-6.54                      0.00144449
-6.53                      0.00145901
-6.52                      0.00147367
-6.51                      0.00148848
-6.5                      0.00150344
-6.49                      0.00151855
-6.48                      0.00153381
-6.47                      0.00154923
-6.46                      0.0015648
-6.45                      0.00158052
-6.44                      0.00159641
-6.43                      0.00161245
-6.42                      0.00162866
-6.41                      0.00164502
-6.4                      0.00166156
-6.39                      0.00167826
-6.38                      0.00169512
-6.37                      0.00171216
-6.36                      0.00172937
-6.35                      0.00174675
-6.34                      0.0017643
-6.33                      0.00178203
-6.32                      0.00179994
-6.31                      0.00181803
-6.3                      0.0018363
-6.29                      0.00185476
-6.28                      0.0018734
-6.27                      0.00189223
-6.26                      0.00191125
-6.25                      0.00193045
-6.24                      0.00194986
-6.23                      0.00196945
-6.22                      0.00198925
-6.21                      0.00200924
-6.2                      0.00202943
-6.19                      0.00204983
-6.18                      0.00207043
-6.17                      0.00209124
-6.16                      0.00211225
-6.15                      0.00213348
-6.14                      0.00215492
-6.13                      0.00217658
-6.12                      0.00219846
-6.11                      0.00222055
-6.1                      0.00224287
-6.09                      0.00226541
-6.08                      0.00228818
-6.07                      0.00231117
-6.06                      0.0023344
-6.05                      0.00235786
-6.04                      0.00238156
-6.03                      0.00240549
-6.02                      0.00242967
-6.01                      0.00245409
-6                      0.00247875
-5.99                      0.00250366
-5.98                      0.00252883
-5.97                      0.00255424
-5.96                      0.00257991
-5.95                      0.00260584
-5.94                      0.00263203
-5.93                      0.00265848
-5.92                      0.0026852
-5.91                      0.00271219
-5.9                      0.00273944
-5.89                      0.00276698
-5.88                      0.00279479
-5.87                      0.00282287
-5.86                      0.00285124
-5.85                      0.0028799
-5.84                      0.00290884
-5.83                      0.00293808
-5.82                      0.0029676
-5.81                      0.00299743
-5.8                      0.00302755
-5.79                      0.00305798
-5.78                      0.00308872
-5.77                      0.00311976
-5.76                      0.00315111
-5.75                      0.00318278
-5.74                      0.00321477
-5.73                      0.00324708
-5.72                      0.00327971
-5.71                      0.00331267
-5.7                      0.00334597
-5.69                      0.00337959
-5.68                      0.00341356
-5.67                      0.00344787
-5.66                      0.00348252
-5.65                      0.00351752
-5.64                      0.00355287
-5.63                      0.00358858
-5.62                      0.00362464
-5.61                      0.00366107
-5.6                      0.00369786
-5.59                      0.00373503
-5.58                      0.00377257
-5.57                      0.00381048
-5.56                      0.00384878
-5.55                      0.00388746
-5.54                      0.00392653
-5.53                      0.00396599
-5.52                      0.00400585
-5.51                      0.00404611
-5.5                      0.00408677
-5.49                      0.00412784
-5.48                      0.00416933
-5.47                      0.00421123
-5.46                      0.00425356
-5.45                      0.0042963
-5.44                      0.00433948
-5.43                      0.0043831
-5.42                      0.00442715
-5.41                      0.00447164
-5.4                      0.00451658
-5.39                      0.00456197
-5.38                      0.00460782
-5.37                      0.00465413
-5.36                      0.00470091
-5.35                      0.00474815
-5.34                      0.00479587
-5.33                      0.00484407
-5.32                      0.00489275
-5.31                      0.00494193
-5.3                      0.00499159
-5.29                      0.00504176
-5.28                      0.00509243
-5.27                      0.00514361
-5.26                      0.0051953
-5.25                      0.00524752
-5.24                      0.00530026
-5.23                      0.00535353
-5.22                      0.00540733
-5.21                      0.00546167
-5.2                      0.00551656
-5.19                      0.00557201
-5.18                      0.00562801
-5.17                      0.00568457
-5.16                      0.0057417
-5.15                      0.0057994
-5.14                      0.00585769
-5.13                      0.00591656
-5.12                      0.00597602
-5.11                      0.00603608
-5.1                      0.00609675
-5.09                      0.00615802
-5.08                      0.00621991
-5.07                      0.00628242
-5.06                      0.00634556
-5.05                      0.00640933
-5.04                      0.00647375
-5.03                      0.00653881
-5.02                      0.00660453
-5.01                      0.0066709
-5                      0.00673795
-4.99                      0.00680566
-4.98                      0.00687406
-4.97                      0.00694315
-4.96                      0.00701293
-4.95                      0.00708341
-4.94                      0.0071546
-4.93                      0.0072265
-4.92                      0.00729913
-4.91                      0.00737249
-4.9                      0.00744658
-4.89                      0.00752142
-4.88                      0.00759701
-4.87                      0.00767336
-4.86                      0.00775048
-4.85                      0.00782838
-4.84                      0.00790705
-4.83                      0.00798652
-4.82                      0.00806679
-4.81                      0.00814786
-4.8                      0.00822975
-4.79                      0.00831246
-4.78                      0.008396
-4.77                      0.00848038
-4.76                      0.00856561
-4.75                      0.00865169
-4.74                      0.00873865
-4.73                      0.00882647
-4.72                      0.00891518
-4.71                      0.00900478
-4.7                      0.00909528
-4.69                      0.00918669
-4.68                      0.00927901
-4.67                      0.00937227
-4.66                      0.00946646
-4.65                      0.0095616
-4.64                      0.0096577
-4.63                      0.00975476
-4.62                      0.0098528
-4.61                      0.00995182
-4.6                      0.0100518
-4.59                      0.0101529
-4.58                      0.0102549
-4.57                      0.010358
-4.56                      0.0104621
-4.55                      0.0105672
-4.54                      0.0106734
-4.53                      0.0107807
-4.52                      0.010889
-4.51                      0.0109985
-4.5                      0.011109
-4.49                      0.0112206
-4.48                      0.0113334
-4.47                      0.0114473
-4.46                      0.0115624
-4.45                      0.0116786
-4.44                      0.0117959
-4.43                      0.0119145
-4.42                      0.0120342
-4.41                      0.0121552
-4.4                      0.0122773
-4.39                      0.0124007
-4.38                      0.0125254
-4.37                      0.0126512
-4.36                      0.0127784
-4.35                      0.0129068
-4.34                      0.0130365
-4.33                      0.0131675
-4.32                      0.0132999
-4.31                      0.0134335
-4.3                      0.0135686
-4.29                      0.0137049
-4.28                      0.0138427
-4.27                      0.0139818
-4.26                      0.0141223
-4.25                      0.0142642
-4.24                      0.0144076
-4.23                      0.0145524
-4.22                      0.0146986
-4.21                      0.0148464
-4.2                      0.0149956
-4.19                      0.0151463
-4.18                      0.0152985
-4.17                      0.0154523
-4.16                      0.0156076
-4.15                      0.0157644
-4.14                      0.0159229
-4.13                      0.0160829
-4.12                      0.0162445
-4.11                      0.0164078
-4.1                      0.0165727
-4.09                      0.0167392
-4.08                      0.0169075
-4.07                      0.0170774
-4.06                      0.017249
-4.05                      0.0174224
-4.04                      0.0175975
-4.03                      0.0177743
-4.02                      0.017953
-4.01                      0.0181334
-4                      0.0183156
-3.99                      0.0184997
-3.98                      0.0186856
-3.97                      0.0188734
-3.96                      0.0190631
-3.95                      0.0192547
-3.94                      0.0194482
-3.93                      0.0196437
-3.92                      0.0198411
-3.91                      0.0200405
-3.9                      0.0202419
-3.89                      0.0204453
-3.88                      0.0206508
-3.87                      0.0208584
-3.86                      0.021068
-3.85                      0.0212797
-3.84                      0.0214936
-3.83                      0.0217096
-3.82                      0.0219278
-3.81                      0.0221482
-3.8                      0.0223708
-3.79                      0.0225956
-3.78                      0.0228227
-3.77                      0.0230521
-3.76                      0.0232837
-3.75                      0.0235177
-3.74                      0.0237541
-3.73                      0.0239928
-3.72                      0.024234
-3.71                      0.0244775
-3.7                      0.0247235
-3.69                      0.024972
-3.68                      0.025223
-3.67                      0.0254765
-3.66                      0.0257325
-3.65                      0.0259911
-3.64                      0.0262523
-3.63                      0.0265162
-3.62                      0.0267827
-3.61                      0.0270518
-3.6                      0.0273237
-3.59                      0.0275983
-3.58                      0.0278757
-3.57                      0.0281559
-3.56                      0.0284388
-3.55                      0.0287246
-3.54                      0.0290133
-3.53                      0.0293049
-3.52                      0.0295994
-3.51                      0.0298969
-3.5                      0.0301974
-3.49                      0.0305009
-3.48                      0.0308074
-3.47                      0.031117
-3.46                      0.0314298
-3.45                      0.0317456
-3.44                      0.0320647
-3.43                      0.0323869
-3.42                      0.0327124
-3.41                      0.0330412
-3.4                      0.0333733
-3.39                      0.0337087
-3.38                      0.0340475
-3.37                      0.0343896
-3.36                      0.0347353
-3.35                      0.0350844
-3.34                      0.035437
-3.33                      0.0357931
-3.32                      0.0361528
-3.31                      0.0365162
-3.3                      0.0368832
-3.29                      0.0372538
-3.28                      0.0376283
-3.27                      0.0380064
-3.26                      0.0383884
-3.25                      0.0387742
-3.24                      0.0391639
-3.23                      0.0395575
-3.22                      0.0399551
-3.21                      0.0403566
-3.2                      0.0407622
-3.19                      0.0411719
-3.18                      0.0415857
-3.17                      0.0420036
-3.16                      0.0424257
-3.15                      0.0428521
-3.14                      0.0432828
-3.13                      0.0437178
-3.12                      0.0441572
-3.11                      0.044601
-3.1                      0.0450492
-3.09                      0.045502
-3.08                      0.0459593
-3.07                      0.0464212
-3.06                      0.0468877
-3.05                      0.0473589
-3.04                      0.0478349
-3.03                      0.0483156
-3.02                      0.0488012
-3.01                      0.0492917
-3                      0.0497871
-2.99                      0.0502874
-2.98                      0.0507928
-2.97                      0.0513033
-2.96                      0.0518189
-2.95                      0.0523397
-2.94                      0.0528657
-2.93                      0.053397
-2.92                      0.0539337
-2.91                      0.0544757
-2.9                      0.0550232
-2.89                      0.0555762
-2.88                      0.0561348
-2.87                      0.0566989
-2.86                      0.0572688
-2.85                      0.0578443
-2.84                      0.0584257
-2.83                      0.0590129
-2.82                      0.0596059
-2.81                      0.060205
-2.8                      0.0608101
-2.79                      0.0614212
-2.78                      0.0620385
-2.77                      0.062662
-2.76                      0.0632918
-2.75                      0.0639279
-2.74                      0.0645703
-2.73                      0.0652193
-2.72                      0.0658748
-2.71                      0.0665368
-2.7                      0.0672055
-2.69                      0.0678809
-2.68                      0.0685632
-2.67                      0.0692522
-2.66                      0.0699482
-2.65                      0.0706512
-2.64                      0.0713613
-2.63                      0.0720785
-2.62                      0.0728029
-2.61                      0.0735345
-2.6                      0.0742736
-2.59                      0.07502
-2.58                      0.075774
-2.57                      0.0765355
-2.56                      0.0773047
-2.55                      0.0780817
-2.54                      0.0788664
-2.53                      0.079659
-2.52                      0.0804596
-2.51                      0.0812682
-2.5                      0.082085
-2.49                      0.08291
-2.48                      0.0837432
-2.47                      0.0845849
-2.46                      0.0854349
-2.45                      0.0862936
-2.44                      0.0871608
-2.43                      0.0880368
-2.42                      0.0889216
-2.41                      0.0898153
-2.4                      0.0907179
-2.39                      0.0916297
-2.38                      0.0925506
-2.37                      0.0934807
-2.36                      0.0944202
-2.35                      0.0953692
-2.34                      0.0963276
-2.33                      0.0972957
-2.32                      0.0982736
-2.31                      0.0992612
-2.3                      0.100259
-2.29                      0.101266
-2.28                      0.102284
-2.27                      0.103312
-2.26                      0.10435
-2.25                      0.105399
-2.24                      0.106458
-2.23                      0.107528
-2.22                      0.108609
-2.21                      0.109701
-2.2                      0.110803
-2.19                      0.111917
-2.18                      0.113042
-2.17                      0.114178
-2.16                      0.115325
-2.15                      0.116484
-2.14                      0.117655
-2.13                      0.118837
-2.12                      0.120032
-2.11                      0.121238
-2.1                      0.122456
-2.09                      0.123687
-2.08                      0.12493
-2.07                      0.126186
-2.06                      0.127454
-2.05                      0.128735
-2.04                      0.130029
-2.03                      0.131336
-2.02                      0.132655
-2.01                      0.133989
-2                      0.135335
-1.99                      0.136695
-1.98                      0.138069
-1.97                      0.139457
-1.96                      0.140858
-1.95                      0.142274
-1.94                      0.143704
-1.93                      0.145148
-1.92                      0.146607
-1.91                      0.14808
-1.9                      0.149569
-1.89                      0.151072
-1.88                      0.15259
-1.87                      0.154124
-1.86                      0.155673
-1.85                      0.157237
-1.84                      0.158817
-1.83                      0.160414
-1.82                      0.162026
-1.81                      0.163654
-1.8                      0.165299
-1.79                      0.16696
-1.78                      0.168638
-1.77                      0.170333
-1.76                      0.172045
-1.75                      0.173774
-1.74                      0.17552
-1.73                      0.177284
-1.72                      0.179066
-1.71                      0.180866
-1.7                      0.182684
-1.69                      0.18452
-1.68                      0.186374
-1.67                      0.188247
-1.66                      0.190139
-1.65                      0.19205
-1.64                      0.19398
-1.63                      0.19593
-1.62                      0.197899
-1.61                      0.199888
-1.6                      0.201897
-1.59                      0.203926
-1.58                      0.205975
-1.57                      0.208045
-1.56                      0.210136
-1.55                      0.212248
-1.54                      0.214381
-1.53                      0.216536
-1.52                      0.218712
-1.51                      0.22091
-1.5                      0.22313
-1.49                      0.225373
-1.48                      0.227638
-1.47                      0.229925
-1.46                      0.232236
-1.45                      0.23457
-1.44                      0.236928
-1.43                      0.239309
-1.42                      0.241714
-1.41                      0.244143
-1.4                      0.246597
-1.39                      0.249075
-1.38                      0.251579
-1.37                      0.254107
-1.36                      0.256661
-1.35                      0.25924
-1.34                      0.261846
-1.33                      0.264477
-1.32                      0.267135
-1.31                      0.26982
-1.3                      0.272532
-1.29                      0.275271
-1.28                      0.278037
-1.27                      0.280832
-1.26                      0.283654
-1.25                      0.286505
-1.24                      0.289384
-1.23                      0.292293
-1.22                      0.29523
-1.21                      0.298197
-1.2                      0.301194
-1.19                      0.304221
-1.18                      0.307279
-1.17                      0.310367
-1.16                      0.313486
-1.15                      0.316637
-1.14                      0.319819
-1.13                      0.323033
-1.12                      0.32628
-1.11                      0.329559
-1.1                      0.332871
-1.09                      0.336216
-1.08                      0.339596
-1.07                      0.343009
-1.06                      0.346456
-1.05                      0.349938
-1.04                      0.353455
-1.03                      0.357007
-1.02                      0.360595
-1.01                      0.364219
-1                      0.367879
-0.99                      0.371577
-0.98                      0.375311
-0.97                      0.379083
-0.96                      0.382893
-0.95                      0.386741
-0.94                      0.390628
-0.93                      0.394554
-0.92                      0.398519
-0.91                      0.402524
-0.9                      0.40657
-0.89                      0.410656
-0.88                      0.414783
-0.87                      0.418952
-0.86                      0.423162
-0.85                      0.427415
-0.84                      0.43171
-0.83                      0.436049
-0.82                      0.440432
-0.81                      0.444858
-0.8                      0.449329
-0.79                      0.453845
-0.78                      0.458406
-0.77                      0.463013
-0.76                      0.467666
-0.75                      0.472367
-0.74                      0.477114
-0.73                      0.481909
-0.72                      0.486752
-0.71                      0.491644
-0.7                      0.496585
-0.69                      0.501576
-0.68                      0.506617
-0.67                      0.511709
-0.66                      0.516851
-0.65                      0.522046
-0.64                      0.527292
-0.63                      0.532592
-0.62                      0.537944
-0.61                      0.543351
-0.6                      0.548812
-0.59                      0.554327
-0.58                      0.559898
-0.57                      0.565525
-0.56                      0.571209
-0.55                      0.57695
-0.54                      0.582748
-0.53                      0.588605
-0.52                      0.594521
-0.51                      0.600496
-0.5                      0.606531
-0.49                      0.612626
-0.48                      0.618783
-0.47                      0.625002
-0.46                      0.631284
-0.45                      0.637628
-0.44                      0.644036
-0.43                      0.650509
-0.42                      0.657047
-0.41                      0.66365
-0.4                      0.67032
-0.39                      0.677057
-0.38                      0.683861
-0.37                      0.690734
-0.36                      0.697676
-0.35                      0.704688
-0.34                      0.71177
-0.33                      0.718924
-0.32                      0.726149
-0.31                      0.733447
-0.3                      0.740818
-0.29                      0.748264
-0.28                      0.755784
-0.27                      0.763379
-0.26                      0.771052
-0.25                      0.778801
-0.24                      0.786628
-0.23                      0.794534
-0.22                      0.802519
-0.21                      0.810584
-0.2                      0.818731
-0.19                      0.826959
-0.18                      0.83527
-0.17                      0.843665
-0.16                      0.852144
-0.15                      0.860708
-0.14                      0.869358
-0.13                      0.878095
-0.12                      0.88692
-0.11                      0.895834
-0.1                      0.904837
-0.09                      0.913931
-0.08                      0.923116
-0.07                      0.932394
-0.06                      0.941764
-0.05                      0.951229
-0.04                      0.960789
-0.03                      0.970445
-0.02                      0.980199
-0.01                      0.99005
2.08167e-16                      1
0.01                      1.01005
0.02                      1.0202
0.03                      1.03045
0.04                      1.04081
0.05                      1.05127
0.06                      1.06184
0.07                      1.07251
0.08                      1.08329
0.09                      1.09417
0.1                      1.10517
0.11                      1.11628
0.12                      1.1275
0.13                      1.13883
0.14                      1.15027
0.15                      1.16183
0.16                      1.17351
0.17                      1.1853
0.18                      1.19722
0.19                      1.20925
0.2                      1.2214
0.21                      1.23368
0.22                      1.24608
0.23                      1.2586
0.24                      1.27125
0.25                      1.28403
0.26                      1.29693
0.27                      1.30996
0.28                      1.32313
0.29                      1.33643
0.3                      1.34986
0.31                      1.36343
0.32                      1.37713
0.33                      1.39097
0.34                      1.40495
0.35                      1.41907
0.36                      1.43333
0.37                      1.44773
0.38                      1.46228
0.39                      1.47698
0.4                      1.49182
0.41                      1.50682
0.42                      1.52196
0.43                      1.53726
0.44                      1.55271
0.45                      1.56831
0.46                      1.58407
0.47                      1.59999
0.48                      1.61607
0.49                      1.63232
0.5                      1.64872
0.51                      1.66529
0.52                      1.68203
0.53                      1.69893
0.54                      1.71601
0.55                      1.73325
0.56                      1.75067
0.57                      1.76827
0.58                      1.78604
0.59                      1.80399
0.6                      1.82212
0.61                      1.84043
0.62                      1.85893
0.63                      1.87761
0.64                      1.89648
0.65                      1.91554
0.66                      1.93479
0.67                      1.95424
0.68                      1.97388
0.69                      1.99372
0.7                      2.01375
0.71                      2.03399
0.72                      2.05443
0.73                      2.07508
0.74                      2.09594
0.75                      2.117
0.76                      2.13828
0.77                      2.15977
0.78                      2.18147
0.79                      2.2034
0.8                      2.22554
0.81                      2.24791
0.82                      2.2705
0.83                      2.29332
0.84                      2.31637
0.85                      2.33965
0.86                      2.36316
0.87                      2.38691
0.88                      2.4109
0.89                      2.43513
0.9                      2.4596
0.91                      2.48432
0.92                      2.50929
0.93                      2.53451
0.94                      2.55998
0.95                      2.58571
0.96                      2.6117
0.97                      2.63794
0.98                      2.66446
0.99                      2.69123
1                      2.71828
1.01                      2.7456
1.02                      2.77319
1.03                      2.80107
1.04                      2.82922
1.05                      2.85765
1.06                      2.88637
1.07                      2.91538
1.08                      2.94468
1.09                      2.97427
1.1                      3.00417
1.11                      3.03436
1.12                      3.06485
1.13                      3.09566
1.14                      3.12677
1.15                      3.15819
1.16                      3.18993
1.17                      3.22199
1.18                      3.25437
1.19                      3.28708
1.2                      3.32012
1.21                      3.35348
1.22                      3.38719
1.23                      3.42123
1.24                      3.45561
1.25                      3.49034
1.26                      3.52542
1.27                      3.56085
1.28                      3.59664
1.29                      3.63279
1.3                      3.6693
1.31                      3.70617
1.32                      3.74342
1.33                      3.78104
1.34                      3.81904
1.35                      3.85743
1.36                      3.89619
1.37                      3.93535
1.38                      3.9749
1.39                      4.01485
1.4                      4.0552
1.41                      4.09596
1.42                      4.13712
1.43                      4.1787
1.44                      4.2207
1.45                      4.26311
1.46                      4.30596
1.47                      4.34924
1.48                      4.39295
1.49                      4.4371
1.5                      4.48169
1.51                      4.52673
1.52                      4.57223
1.53                      4.61818
1.54                      4.66459
1.55                      4.71147
1.56                      4.75882
1.57                      4.80665
1.58                      4.85496
1.59                      4.90375
1.6                      4.95303
1.61                      5.00281
1.62                      5.05309
1.63                      5.10388
1.64                      5.15517
1.65                      5.20698
1.66                      5.25931
1.67                      5.31217
1.68                      5.36556
1.69                      5.41948
1.7                      5.47395
1.71                      5.52896
1.72                      5.58453
1.73                      5.64065
1.74                      5.69734
1.75                      5.7546
1.76                      5.81244
1.77                      5.87085
1.78                      5.92986
1.79                      5.98945
1.8                      6.04965
1.81                      6.11045
1.82                      6.17186
1.83                      6.23389
1.84                      6.29654
1.85                      6.35982
1.86                      6.42374
1.87                      6.4883
1.88                      6.55351
1.89                      6.61937
1.9                      6.68589
1.91                      6.75309
1.92                      6.82096
1.93                      6.88951
1.94                      6.95875
1.95                      7.02869
1.96                      7.09933
1.97                      7.17068
1.98                      7.24274
1.99                      7.31553
2                      7.38906
2.01                      7.46332
2.02                      7.53833
2.03                      7.61409
2.04                      7.69061
2.05                      7.7679
2.06                      7.84597
2.07                      7.92482
2.08                      8.00447
2.09                      8.08492
2.1                      8.16617
2.11                      8.24824
2.12                      8.33114
2.13                      8.41487
2.14                      8.49944
2.15                      8.58486
2.16                      8.67114
2.17                      8.75828
2.18                      8.84631
2.19                      8.93521
2.2                      9.02501
2.21                      9.11572
2.22                      9.20733
2.23                      9.29987
2.24                      9.39333
2.25                      9.48774
2.26                      9.58309
2.27                      9.6794
2.28                      9.77668
2.29                      9.87494
2.3                      9.97418
2.31                      10.0744
2.32                      10.1757
2.33                      10.2779
2.34                      10.3812
2.35                      10.4856
2.36                      10.591
2.37                      10.6974
2.38                      10.8049
2.39                      10.9135
2.4                      11.0232
2.41                      11.134
2.42                      11.2459
2.43                      11.3589
2.44                      11.473
2.45                      11.5883
2.46                      11.7048
2.47                      11.8224
2.48                      11.9413
2.49                      12.0613
2.5                      12.1825
2.51                      12.3049
2.52                      12.4286
2.53                      12.5535
2.54                      12.6797
2.55                      12.8071
2.56                      12.9358
2.57                      13.0658
2.58                      13.1971
2.59                      13.3298
2.6                      13.4637
2.61                      13.5991
2.62                      13.7357
2.63                      13.8738
2.64                      14.0132
2.65                      14.154
2.66                      14.2963
2.67                      14.44
2.68                      14.5851
2.69                      14.7317
2.7                      14.8797
2.71                      15.0293
2.72                      15.1803
2.73                      15.3329
2.74                      15.487
2.75                      15.6426
2.76                      15.7998
2.77                      15.9586
2.78                      16.119
2.79                      16.281
2.8                      16.4446
2.81                      16.6099
2.82                      16.7769
2.83                      16.9455
2.84                      17.1158
2.85                      17.2878
2.86                      17.4615
2.87                      17.637
2.88                      17.8143
2.89                      17.9933
2.9                      18.1741
2.91                      18.3568
2.92                      18.5413
2.93                      18.7276
2.94                      18.9158
2.95                      19.106
2.96                      19.298
2.97                      19.4919
2.98                      19.6878
2.99                      19.8857
3                      20.0855
3.01                      20.2874
3.02                      20.4913
3.03                      20.6972
3.04                      20.9052
3.05                      21.1153
3.06                      21.3276
3.07                      21.5419
3.08                      21.7584
3.09                      21.9771
3.1                      22.198
3.11                      22.421
3.12                      22.6464
3.13                      22.874
3.14                      23.1039
3.15                      23.3361
3.16                      23.5706
3.17                      23.8075
3.18                      24.0468
3.19                      24.2884
3.2                      24.5325
3.21                      24.7791
3.22                      25.0281
3.23                      25.2797
3.24                      25.5337
3.25                      25.7903
3.26                      26.0495
3.27                      26.3113
3.28                      26.5758
3.29                      26.8429
3.3                      27.1126
3.31                      27.3851
3.32                      27.6604
3.33                      27.9383
3.34                      28.2191
3.35                      28.5027
3.36                      28.7892
3.37                      29.0785
3.38                      29.3708
3.39                      29.666
3.4                      29.9641
3.41                      30.2652
3.42                      30.5694
3.43                      30.8766
3.44                      31.187
3.45                      31.5004
3.46                      31.817
3.47                      32.1367
3.48                      32.4597
3.49                      32.7859
3.5                      33.1155
3.51                      33.4483
3.52                      33.7844
3.53                      34.124
3.54                      34.4669
3.55                      34.8133
3.56                      35.1632
3.57                      35.5166
3.58                      35.8735
3.59                      36.2341
3.6                      36.5982
3.61                      36.9661
3.62                      37.3376
3.63                      37.7128
3.64                      38.0918
3.65                      38.4747
3.66                      38.8613
3.67                      39.2519
3.68                      39.6464
3.69                      40.0448
3.7                      40.4473
3.71                      40.8538
3.72                      41.2644
3.73                      41.6791
3.74                      42.098
3.75                      42.5211
3.76                      42.9484
3.77                      43.3801
3.78                      43.816
3.79                      44.2564
3.8                      44.7012
3.81                      45.1504
3.82                      45.6042
3.83                      46.0625
3.84                      46.5255
3.85                      46.9931
3.86                      47.4654
3.87                      47.9424
3.88                      48.4242
3.89                      48.9109
3.9                      49.4025
3.91                      49.899
3.92                      50.4004
3.93                      50.907
3.94                      51.4186
3.95                      51.9354
3.96                      52.4573
3.97                      52.9845
3.98                      53.517
3.99                      54.0549
4                      54.5982
4.01                      55.1469
4.02                      55.7011
4.03                      56.2609
4.04                      56.8263
4.05                      57.3975
4.06                      57.9743
4.07                      58.557
4.08                      59.1455
4.09                      59.7399
4.1                      60.3403
4.11                      60.9467
4.12                      61.5592
4.13                      62.1779
4.14                      62.8028
4.15                      63.434
4.16                      64.0715
4.17                      64.7155
4.18                      65.3659
4.19                      66.0228
4.2                      66.6863
4.21                      67.3565
4.22                      68.0335
4.23                      68.7172
4.24                      69.4079
4.25                      70.1054
4.26                      70.81
4.27                      71.5216
4.28                      72.2404
4.29                      72.9665
4.3                      73.6998
4.31                      74.4405
4.32                      75.1886
4.33                      75.9443
4.34                      76.7075
4.35                      77.4785
4.36                      78.2571
4.37                      79.0436
4.38                      79.838
4.39                      80.6404
4.4                      81.4509
4.41                      82.2695
4.42                      83.0963
4.43                      83.9314
4.44                      84.7749
4.45                      85.6269
4.46                      86.4875
4.47                      87.3567
4.48                      88.2347
4.49                      89.1215
4.5                      90.0171
4.51                      90.9218
4.52                      91.8356
4.53                      92.7586
4.54                      93.6908
4.55                      94.6324
4.56                      95.5835
4.57                      96.5441
4.58                      97.5144
4.59                      98.4944
4.6                      99.4843
4.61                      100.484
4.62                      101.494
4.63                      102.514
4.64                      103.544
4.65                      104.585
4.66                      105.636
4.67                      106.698
4.68                      107.77
4.69                      108.853
4.7                      109.947
4.71                      111.052
4.72                      112.168
4.73                      113.296
4.74                      114.434
4.75                      115.584
4.76                      116.746
4.77                      117.919
4.78                      119.104
4.79                      120.301
4.8                      121.51
4.81                      122.732
4.82                      123.965
4.83                      125.211
4.84                      126.469
4.85                      127.74
4.86                      129.024
4.87                      130.321
4.88                      131.631
4.89                      132.954
4.9                      134.29
4.91                      135.639
4.92                      137.003
4.93                      138.38
4.94                      139.77
4.95                      141.175
4.96                      142.594
4.97                      144.027
4.98                      145.474
4.99                      146.936
5                      148.413
5.01                      149.905
5.02                      151.411
5.03                      152.933
5.04                      154.47
5.05                      156.022
5.06                      157.591
5.07                      159.174
5.08                      160.774
5.09                      162.39
5.1                      164.022
5.11                      165.67
5.12                      167.335
5.13                      169.017
5.14                      170.716
5.15                      172.432
5.16                      174.164
5.17                      175.915
5.18                      177.683
5.19                      179.469
5.2                      181.272
5.21                      183.094
5.22                      184.934
5.23                      186.793
5.24                      188.67
5.25                      190.566
5.26                      192.482
5.27                      194.416
5.28                      196.37
5.29                      198.343
5.3                      200.337
5.31                      202.35
5.32                      204.384
5.33                      206.438
5.34                      208.513
5.35                      210.608
5.36                      212.725
5.37                      214.863
5.38                      217.022
5.39                      219.203
5.4                      221.406
5.41                      223.632
5.42                      225.879
5.43                      228.149
5.44                      230.442
5.45                      232.758
5.46                      235.097
5.47                      237.46
5.48                      239.847
5.49                      242.257
5.5                      244.692
5.51                      247.151
5.52                      249.635
5.53                      252.144
5.54                      254.678
5.55                      257.238
5.56                      259.823
5.57                      262.434
5.58                      265.072
5.59                      267.736
5.6                      270.426
5.61                      273.144
5.62                      275.889
5.63                      278.662
5.64                      281.463
5.65                      284.291
5.66                      287.149
5.67                      290.035
5.68                      292.949
5.69                      295.894
5.7                      298.867
5.71                      301.871
5.72                      304.905
5.73                      307.969
5.74                      311.064
5.75                      314.191
5.76                      317.348
5.77                      320.538
5.78                      323.759
5.79                      327.013
5.8                      330.3
5.81                      333.619
5.82                      336.972
5.83                      340.359
5.84                      343.779
5.85                      347.234
5.86                      350.724
5.87                      354.249
5.88                      357.809
5.89                      361.405
5.9                      365.037
5.91                      368.706
5.92                      372.412
5.93                      376.155
5.94                      379.935
5.95                      383.753
5.96                      387.61
5.97                      391.506
5.98                      395.44
5.99                      399.415
6                      403.429
6.01                      407.483
6.02                      411.579
6.03                      415.715
6.04                      419.893
6.05                      424.113
6.06                      428.375
6.07                      432.681
6.08                      437.029
6.09                      441.421
6.1                      445.858
6.11                      450.339
6.12                      454.865
6.13                      459.436
6.14                      464.054
6.15                      468.717
6.16                      473.428
6.17                      478.186
6.18                      482.992
6.19                      487.846
6.2                      492.749
6.21                      497.701
6.22                      502.703
6.23                      507.756
6.24                      512.859
6.25                      518.013
6.26                      523.219
6.27                      528.477
6.28                      533.789
6.29                      539.153
6.3                      544.572
6.31                      550.045
6.32                      555.573
6.33                      561.157
6.34                      566.796
6.35                      572.493
6.36                      578.246
6.37                      584.058
6.38                      589.928
6.39                      595.857
6.4                      601.845
6.41                      607.894
6.42                      614.003
6.43                      620.174
6.44                      626.407
6.45                      632.702
6.46                      639.061
6.47                      645.484
6.48                      651.971
6.49                      658.523
6.5                      665.142
6.51                      671.826
6.52                      678.578
6.53                      685.398
6.54                      692.287
6.55                      699.244
6.56                      706.272
6.57                      713.37
6.58                      720.539
6.59                      727.781
6.6                      735.095
6.61                      742.483
6.62                      749.945
6.63                      757.482
6.64                      765.095
6.65                      772.784
6.66                      780.551
6.67                      788.396
6.68                      796.319
6.69                      804.322
6.7                      812.406
6.71                      820.571
6.72                      828.818
6.73                      837.147
6.74                      845.561
6.75                      854.059
6.76                      862.642
6.77                      871.312
6.78                      880.069
6.79                      888.914
6.8                      897.847
6.81                      906.871
6.82                      915.985
6.83                      925.191
6.84                      934.489
6.85                      943.881
6.86                      953.367
6.87                      962.949
6.88                      972.626
6.89                      982.401
6.9                      992.275
6.91                      1002.25
6.92                      1012.32
6.93                      1022.49
6.94                      1032.77
6.95                      1043.15
6.96                      1053.63
6.97                      1064.22
6.98                      1074.92
6.99                      1085.72
7                      1096.63
7.01                      1107.65
7.02                      1118.79
7.03                      1130.03
7.04                      1141.39
7.05                      1152.86
7.06                      1164.45
7.07                      1176.15
7.08                      1187.97
7.09                      1199.91
7.1                      1211.97
7.11                      1224.15
7.12                      1236.45
7.13                      1248.88
7.14                      1261.43
7.15                      1274.11
7.16                      1286.91
7.17                      1299.84
7.18                      1312.91
7.19                      1326.1
7.2                      1339.43
7.21                      1352.89
7.22                      1366.49
7.23                      1380.22
7.24                      1394.09
7.25                      1408.1
7.26                      1422.26
7.27                      1436.55
7.28                      1450.99
7.29                      1465.57
7.3                      1480.3
7.31                      1495.18
7.32                      1510.2
7.33                      1525.38
7.34                      1540.71
7.35                      1556.2
7.36                      1571.84
7.37                      1587.63
7.38                      1603.59
7.39                      1619.71
7.4                      1635.98
7.41                      1652.43
7.42                      1669.03
7.43                      1685.81
7.44                      1702.75
7.45                      1719.86
7.46                      1737.15
7.47                      1754.61
7.48                      1772.24
7.49                      1790.05
7.5                      1808.04
7.51                      1826.21
7.52                      1844.57
7.53                      1863.11
7.54                      1881.83
7.55                      1900.74
7.56                      1919.85
7.57                      1939.14
7.58                      1958.63
7.59                      1978.31
7.6                      1998.2
7.61                      2018.28
7.62                      2038.56
7.63                      2059.05
7.64                      2079.74
7.65                      2100.65
7.66                      2121.76
7.67                      2143.08
7.68                      2164.62
7.69                      2186.37
7.7                      2208.35
7.71                      2230.54
7.72                      2252.96
7.73                      2275.6
7.74                      2298.47
7.75                      2321.57
7.76                      2344.9
7.77                      2368.47
7.78                      2392.27
7.79                      2416.32
7.8                      2440.6
7.81                      2465.13
7.82                      2489.91
7.83                      2514.93
7.84                      2540.21
7.85                      2565.73
7.86                      2591.52
7.87                      2617.57
7.88                      2643.87
7.89                      2670.44
7.9                      2697.28
7.91                      2724.39
7.92                      2751.77
7.93                      2779.43
7.94                      2807.36
7.95                      2835.58
7.96                      2864.07
7.97                      2892.86
7.98                      2921.93
7.99                      2951.3
8                      2980.96
8.01                      3010.92
8.02                      3041.18
8.03                      3071.74
8.04                      3102.61
8.05                      3133.8
8.06                      3165.29
8.07                      3197.1
8.08                      3229.23
8.09                      3261.69
8.1                      3294.47
8.11                      3327.58
8.12                      3361.02
8.13                      3394.8
8.14                      3428.92
8.15                      3463.38
8.16                      3498.19
8.17                      3533.34
8.18                      3568.85
8.19                      3604.72
8.2                      3640.95
8.21                      3677.54
8.22                      3714.5
8.23                      3751.83
8.24                      3789.54
8.25                      3827.63
8.26                      3866.09
8.27                      3904.95
8.28                      3944.19
8.29                      3983.83
8.3                      4023.87
8.31                      4064.31
8.32                      4105.16
8.33                      4146.42
8.34                      4188.09
8.35                      4230.18
8.36                      4272.7
8.37                      4315.64
8.38                      4359.01
8.39                      4402.82
8.4                      4447.07
8.41                      4491.76
8.42                      4536.9
8.43                      4582.5
8.44                      4628.56
8.45                      4675.07
8.46                      4722.06
8.47                      4769.52
8.48                      4817.45
8.49                      4865.87
8.5                      4914.77
8.51                      4964.16
8.52                      5014.05
8.53                      5064.45
8.54                      5115.34
8.55                      5166.75
8.56                      5218.68
8.57                      5271.13
8.58                      5324.11
8.59                      5377.61
8.6                      5431.66
8.61                      5486.25
8.62                      5541.39
8.63                      5597.08
8.64                      5653.33
8.65                      5710.15
8.66                      5767.54
8.67                      5825.5
8.68                      5884.05
8.69                      5943.18
8.7                      6002.91
8.71                      6063.24
8.72                      6124.18
8.73                      6185.73
8.74                      6247.9
8.75                      6310.69
8.76                      6374.11
8.77                      6438.17
8.78                      6502.88
8.79                      6568.23
8.8                      6634.24
8.81                      6700.92
8.82                      6768.27
8.83                      6836.29
8.84                      6904.99
8.85                      6974.39
8.86                      7044.48
8.87                      7115.28
8.88                      7186.79
8.89                      7259.02
8.9                      7331.97
8.91                      7405.66
8.92                      7480.09
8.93                      7555.27
8.94                      7631.2
8.95                      7707.89
8.96                      7785.36
8.97                      7863.6
8.98                      7942.63
8.99                      8022.46
9                      8103.08
9.01                      8184.52
9.02                      8266.78
9.03                      8349.86
9.04                      8433.78
9.05                      8518.54
9.06                      8604.15
9.07                      8690.62
9.08                      8777.97
9.09                      8866.19
9.1                      8955.29
9.11                      9045.3
9.12                      9136.2
9.13                      9228.02
9.14                      9320.77
9.15                      9414.44
9.16                      9509.06
9.17                      9604.63
9.18                      9701.15
9.19                      9798.65
9.2                      9897.13
9.21                      9996.6
9.22                      10097.1
9.23                      10198.5
9.24                      10301
9.25                      10404.6
9.26                      10509.1
9.27                      10614.8
9.28                      10721.4
9.29                      10829.2
9.3                      10938
9.31                      11047.9
9.32                      11159
9.33                      11271.1
9.34                      11384.4
9.35                      11498.8
9.36                      11614.4
9.37                      11731.1
9.38                      11849
9.39                      11968.1
9.4                      12088.4
9.41                      12209.9
9.42                      12332.6
9.43                      12456.5
9.44                      12581.7
9.45                      12708.2
9.46                      12835.9
9.47                      12964.9
9.48                      13095.2
9.49                      13226.8
9.5                      13359.7
9.51                      13494
9.52                      13629.6
9.53                      13766.6
9.54                      13904.9
9.55                      14044.7
9.56                      14185.8
9.57                      14328.4
9.58                      14472.4
9.59                      14617.9
9.6                      14764.8
9.61                      14913.2
9.62                      15063.1
9.63                      15214.4
9.64                      15367.3
9.65                      15521.8
9.66                      15677.8
9.67                      15835.4
9.68                      15994.5
9.69                      16155.2
9.7                      16317.6
9.71                      16481.6
9.72                      16647.2
9.73                      16814.6
9.74                      16983.5
9.75                      17154.2
9.76                      17326.6
9.77                      17500.8
9.78                      17676.7
9.79                      17854.3
9.8                      18033.7
9.81                      18215
9.82                      18398.1
9.83                      18583
9.84                      18769.7
9.85                      18958.4
9.86                      19148.9
9.87                      19341.3
9.88                      19535.7
9.89                      19732.1
9.9                      19930.4
9.91                      20130.7
9.92                      20333
9.93                      20537.3
9.94                      20743.7
9.95                      20952.2
9.96                      21162.8
9.97                      21375.5
9.98                      21590.3
9.99                      21807.3
