-6.28319                      1
-6.27319                      0.99995
-6.26319                      0.9998
-6.25319                      0.99955
-6.24319                      0.9992
-6.23319                      0.99875
-6.22319                      0.998201
-6.21319                      0.997551
-6.20319                      0.996802
-6.19319                      0.995953
-6.18319                      0.995004
-6.17319                      0.993956
-6.16319                      0.992809
-6.15319                      0.991562
-6.14319                      0.990216
-6.13319                      0.988771
-6.12319                      0.987227
-6.11319                      0.985585
-6.10319                      0.983844
-6.09319                      0.982004
-6.08319                      0.980067
-6.07319                      0.978031
-6.06319                      0.975898
-6.05319                      0.973666
-6.04319                      0.971338
-6.03319                      0.968913
-6.02319                      0.96639
-6.01319                      0.963771
-6.00319                      0.961056
-5.99319                      0.958244
-5.98319                      0.955337
-5.97319                      0.952334
-5.96319                      0.949235
-5.95319                      0.946042
-5.94319                      0.942755
-5.93319                      0.939373
-5.92319                      0.935897
-5.91319                      0.932327
-5.90319                      0.928665
-5.89319                      0.924909
-5.88319                      0.921061
-5.87319                      0.917121
-5.86319                      0.913089
-5.85319                      0.908966
-5.84319                      0.904752
-5.83319                      0.900447
-5.82319                      0.896053
-5.81319                      0.891568
-5.80319                      0.886995
-5.79319                      0.882333
-5.78319                      0.877583
-5.77319                      0.872745
-5.76319                      0.867819
-5.75319                      0.862807
-5.74319                      0.857709
-5.73319                      0.852525
-5.72319                      0.847255
-5.71319                      0.841901
-5.70319                      0.836463
-5.69319                      0.830941
-5.68319                      0.825336
-5.67319                      0.819648
-5.66319                      0.813879
-5.65319                      0.808028
-5.64319                      0.802096
-5.63319                      0.796084
-5.62319                      0.789992
-5.61319                      0.783822
-5.60319                      0.777573
-5.59319                      0.771246
-5.58319                      0.764842
-5.57319                      0.758362
-5.56319                      0.751806
-5.55319                      0.745174
-5.54319                      0.738469
-5.53319                      0.731689
-5.52319                      0.724836
-5.51319                      0.717911
-5.50319                      0.710914
-5.49319                      0.703845
-5.48319                      0.696707
-5.47319                      0.689498
-5.46319                      0.682221
-5.45319                      0.674876
-5.44319                      0.667463
-5.43319                      0.659983
-5.42319                      0.652438
-5.41319                      0.644827
-5.40319                      0.637151
-5.39319                      0.629412
-5.38319                      0.62161
-5.37319                      0.613746
-5.36319                      0.60582
-5.35319                      0.597834
-5.34319                      0.589788
-5.33319                      0.581683
-5.32319                      0.57352
-5.31319                      0.5653
-5.30319                      0.557023
-5.29319                      0.54869
-5.28319                      0.540302
-5.27319                      0.531861
-5.26319                      0.523366
-5.25319                      0.514819
-5.24319                      0.50622
-5.23319                      0.497571
-5.22319                      0.488872
-5.21319                      0.480124
-5.20319                      0.471328
-5.19319                      0.462485
-5.18319                      0.453596
-5.17319                      0.444662
-5.16319                      0.435682
-5.15319                      0.42666
-5.14319                      0.417595
-5.13319                      0.408487
-5.12319                      0.39934
-5.11319                      0.390152
-5.10319                      0.380925
-5.09319                      0.37166
-5.08319                      0.362358
-5.07319                      0.353019
-5.06319                      0.343646
-5.05319                      0.334238
-5.04319                      0.324796
-5.03319                      0.315322
-5.02319                      0.305817
-5.01319                      0.296281
-5.00319                      0.286715
-4.99319                      0.277121
-4.98319                      0.267499
-4.97319                      0.25785
-4.96319                      0.248175
-4.95319                      0.238476
-4.94319                      0.228753
-4.93319                      0.219007
-4.92319                      0.209239
-4.91319                      0.19945
-4.90319                      0.189641
-4.89319                      0.179813
-4.88319                      0.169967
-4.87319                      0.160104
-4.86319                      0.150225
-4.85319                      0.140332
-4.84319                      0.130424
-4.83319                      0.120503
-4.82319                      0.11057
-4.81319                      0.100626
-4.80319                      0.0906716
-4.79319                      0.0807085
-4.78319                      0.0707372
-4.77319                      0.0607589
-4.76319                      0.0507745
-4.75319                      0.040785
-4.74319                      0.0307915
-4.73319                      0.0207948
-4.72319                      0.0107961
-4.71319                      0.000796327
-4.70319                      -0.00920354
-4.69319                      -0.0192025
-4.68319                      -0.0291995
-4.67319                      -0.0391936
-4.66319                      -0.0491838
-4.65319                      -0.0591691
-4.64319                      -0.0691485
-4.63319                      -0.0791209
-4.62319                      -0.0890854
-4.61319                      -0.099041
-4.60319                      -0.108987
-4.59319                      -0.118922
-4.58319                      -0.128845
-4.57319                      -0.138755
-4.56319                      -0.148651
-4.55319                      -0.158532
-4.54319                      -0.168397
-4.53319                      -0.178246
-4.52319                      -0.188077
-4.51319                      -0.197889
-4.50319                      -0.207681
-4.49319                      -0.217452
-4.48319                      -0.227202
-4.47319                      -0.236929
-4.46319                      -0.246632
-4.45319                      -0.256311
-4.44319                      -0.265964
-4.43319                      -0.27559
-4.42319                      -0.285189
-4.41319                      -0.294759
-4.40319                      -0.3043
-4.39319                      -0.313811
-4.38319                      -0.32329
-4.37319                      -0.332736
-4.36319                      -0.34215
-4.35319                      -0.351529
-4.34319                      -0.360873
-4.33319                      -0.370181
-4.32319                      -0.379452
-4.31319                      -0.388685
-4.30319                      -0.397879
-4.29319                      -0.407033
-4.28319                      -0.416147
-4.27319                      -0.425219
-4.26319                      -0.434248
-4.25319                      -0.443234
-4.24319                      -0.452176
-4.23319                      -0.461073
-4.22319                      -0.469923
-4.21319                      -0.478727
-4.20319                      -0.487482
-4.19319                      -0.496189
-4.18319                      -0.504846
-4.17319                      -0.513453
-4.16319                      -0.522008
-4.15319                      -0.530511
-4.14319                      -0.538961
-4.13319                      -0.547358
-4.12319                      -0.555699
-4.11319                      -0.563985
-4.10319                      -0.572215
-4.09319                      -0.580387
-4.08319                      -0.588501
-4.07319                      -0.596557
-4.06319                      -0.604552
-4.05319                      -0.612488
-4.04319                      -0.620362
-4.03319                      -0.628174
-4.02319                      -0.635923
-4.01319                      -0.643608
-4.00319                      -0.65123
-3.99319                      -0.658786
-3.98319                      -0.666276
-3.97319                      -0.6737
-3.96319                      -0.681056
-3.95319                      -0.688344
-3.94319                      -0.695563
-3.93319                      -0.702713
-3.92319                      -0.709793
-3.91319                      -0.716801
-3.90319                      -0.723738
-3.89319                      -0.730602
-3.88319                      -0.737394
-3.87319                      -0.744111
-3.86319                      -0.750755
-3.85319                      -0.757323
-3.84319                      -0.763815
-3.83319                      -0.770231
-3.82319                      -0.77657
-3.81319                      -0.782832
-3.80319                      -0.789015
-3.79319                      -0.795119
-3.78319                      -0.801144
-3.77319                      -0.807088
-3.76319                      -0.812952
-3.75319                      -0.818735
-3.74319                      -0.824435
-3.73319                      -0.830054
-3.72319                      -0.835589
-3.71319                      -0.841041
-3.70319                      -0.846408
-3.69319                      -0.851691
-3.68319                      -0.856889
-3.67319                      -0.862001
-3.66319                      -0.867027
-3.65319                      -0.871966
-3.64319                      -0.876818
-3.63319                      -0.881582
-3.62319                      -0.886258
-3.61319                      -0.890846
-3.60319                      -0.895344
-3.59319                      -0.899753
-3.58319                      -0.904072
-3.57319                      -0.908301
-3.56319                      -0.912438
-3.55319                      -0.916485
-3.54319                      -0.92044
-3.53319                      -0.924302
-3.52319                      -0.928073
-3.51319                      -0.93175
-3.50319                      -0.935335
-3.49319                      -0.938825
-3.48319                      -0.942222
-3.47319                      -0.945525
-3.46319                      -0.948733
-3.45319                      -0.951847
-3.44319                      -0.954865
-3.43319                      -0.957787
-3.42319                      -0.960614
-3.41319                      -0.963345
-3.40319                      -0.965979
-3.39319                      -0.968517
-3.38319                      -0.970958
-3.37319                      -0.973302
-3.36319                      -0.975549
-3.35319                      -0.977698
-3.34319                      -0.979749
-3.33319                      -0.981702
-3.32319                      -0.983557
-3.31319                      -0.985314
-3.30319                      -0.986972
-3.29319                      -0.988532
-3.28319                      -0.989993
-3.27319                      -0.991354
-3.26319                      -0.992617
-3.25319                      -0.99378
-3.24319                      -0.994844
-3.23319                      -0.995808
-3.22319                      -0.996673
-3.21319                      -0.997438
-3.20319                      -0.998104
-3.19319                      -0.998669
-3.18319                      -0.999135
-3.17319                      -0.999501
-3.16319                      -0.999767
-3.15319                      -0.999933
-3.14319                      -0.999999
-3.13319                      -0.999965
-3.12319                      -0.999831
-3.11319                      -0.999597
-3.10319                      -0.999263
-3.09319                      -0.998829
-3.08319                      -0.998295
-3.07319                      -0.997661
-3.06319                      -0.996928
-3.05319                      -0.996095
-3.04319                      -0.995162
-3.03319                      -0.99413
-3.02319                      -0.992998
-3.01319                      -0.991767
-3.00319                      -0.990437
-2.99319                      -0.989008
-2.98319                      -0.98748
-2.97319                      -0.985853
-2.96319                      -0.984128
-2.95319                      -0.982304
-2.94319                      -0.980382
-2.93319                      -0.978362
-2.92319                      -0.976244
-2.91319                      -0.974028
-2.90319                      -0.971715
-2.89319                      -0.969305
-2.88319                      -0.966798
-2.87319                      -0.964195
-2.86319                      -0.961494
-2.85319                      -0.958698
-2.84319                      -0.955806
-2.83319                      -0.952818
-2.82319                      -0.949735
-2.81319                      -0.946557
-2.80319                      -0.943285
-2.79319                      -0.939918
-2.78319                      -0.936457
-2.77319                      -0.932902
-2.76319                      -0.929254
-2.75319                      -0.925513
-2.74319                      -0.92168
-2.73319                      -0.917755
-2.72319                      -0.913737
-2.71319                      -0.909629
-2.70319                      -0.905429
-2.69319                      -0.901139
-2.68319                      -0.896758
-2.67319                      -0.892289
-2.66319                      -0.887729
-2.65319                      -0.883081
-2.64319                      -0.878345
-2.63319                      -0.873521
-2.62319                      -0.86861
-2.61319                      -0.863611
-2.60319                      -0.858527
-2.59319                      -0.853356
-2.58319                      -0.8481
-2.57319                      -0.842759
-2.56319                      -0.837334
-2.55319                      -0.831826
-2.54319                      -0.826234
-2.53319                      -0.820559
-2.52319                      -0.814803
-2.51319                      -0.808965
-2.50319                      -0.803046
-2.49319                      -0.797047
-2.48319                      -0.790968
-2.47319                      -0.78481
-2.46319                      -0.778573
-2.45319                      -0.772259
-2.44319                      -0.765867
-2.43319                      -0.759399
-2.42319                      -0.752855
-2.41319                      -0.746236
-2.40319                      -0.739542
-2.39319                      -0.732774
-2.38319                      -0.725932
-2.37319                      -0.719019
-2.36319                      -0.712033
-2.35319                      -0.704976
-2.34319                      -0.697848
-2.33319                      -0.690651
-2.32319                      -0.683385
-2.31319                      -0.67605
-2.30319                      -0.668648
-2.29319                      -0.661179
-2.28319                      -0.653644
-2.27319                      -0.646043
-2.26319                      -0.638378
-2.25319                      -0.630649
-2.24319                      -0.622857
-2.23319                      -0.615002
-2.22319                      -0.607087
-2.21319                      -0.59911
-2.20319                      -0.591073
-2.19319                      -0.582978
-2.18319                      -0.574824
-2.17319                      -0.566613
-2.16319                      -0.558345
-2.15319                      -0.550021
-2.14319                      -0.541642
-2.13319                      -0.533209
-2.12319                      -0.524722
-2.11319                      -0.516184
-2.10319                      -0.507593
-2.09319                      -0.498952
-2.08319                      -0.490261
-2.07319                      -0.481521
-2.06319                      -0.472732
-2.05319                      -0.463897
-2.04319                      -0.455015
-2.03319                      -0.446088
-2.02319                      -0.437115
-2.01319                      -0.4281
-2.00319                      -0.419041
-1.99319                      -0.409941
-1.98319                      -0.400799
-1.97319                      -0.391618
-1.96319                      -0.382397
-1.95319                      -0.373138
-1.94319                      -0.363842
-1.93319                      -0.354509
-1.92319                      -0.345141
-1.91319                      -0.335738
-1.90319                      -0.326302
-1.89319                      -0.316833
-1.88319                      -0.307333
-1.87319                      -0.297802
-1.86319                      -0.288241
-1.85319                      -0.278651
-1.84319                      -0.269033
-1.83319                      -0.259389
-1.82319                      -0.249718
-1.81319                      -0.240022
-1.80319                      -0.230303
-1.79319                      -0.22056
-1.78319                      -0.210796
-1.77319                      -0.20101
-1.76319                      -0.191204
-1.75319                      -0.181379
-1.74319                      -0.171536
-1.73319                      -0.161676
-1.72319                      -0.1518
-1.71319                      -0.141908
-1.70319                      -0.132003
-1.69319                      -0.122084
-1.68319                      -0.112153
-1.67319                      -0.10221
-1.66319                      -0.0922576
-1.65319                      -0.0822958
-1.64319                      -0.0723258
-1.63319                      -0.0623485
-1.62319                      -0.052365
-1.61319                      -0.0423763
-1.60319                      -0.0323833
-1.59319                      -0.0223871
-1.58319                      -0.0123887
-1.57319                      -0.00238898
-1.56319                      0.00761095
-1.55319                      0.0176101
-1.54319                      0.0276075
-1.53319                      0.0376022
-1.52319                      0.047593
-1.51319                      0.0575792
-1.50319                      0.0675595
-1.49319                      0.0775331
-1.48319                      0.087499
-1.47319                      0.0974561
-1.46319                      0.107403
-1.45319                      0.11734
-1.44319                      0.127265
-1.43319                      0.137177
-1.42319                      0.147076
-1.41319                      0.156959
-1.40319                      0.166827
-1.39319                      0.176679
-1.38319                      0.186512
-1.37319                      0.196327
-1.36319                      0.206123
-1.35319                      0.215898
-1.34319                      0.225651
-1.33319                      0.235381
-1.32319                      0.245089
-1.31319                      0.254771
-1.30319                      0.264428
-1.29319                      0.274059
-1.28319                      0.283662
-1.27319                      0.293237
-1.26319                      0.302783
-1.25319                      0.312298
-1.24319                      0.321782
-1.23319                      0.331234
-1.22319                      0.340653
-1.21319                      0.350037
-1.20319                      0.359387
-1.19319                      0.368701
-1.18319                      0.377978
-1.17319                      0.387217
-1.16319                      0.396417
-1.15319                      0.405578
-1.14319                      0.414698
-1.13319                      0.423777
-1.12319                      0.432813
-1.11319                      0.441806
-1.10319                      0.450755
-1.09319                      0.459659
-1.08319                      0.468517
-1.07319                      0.477328
-1.06319                      0.486091
-1.05319                      0.494806
-1.04319                      0.503471
-1.03319                      0.512086
-1.02319                      0.520649
-1.01319                      0.529161
-1.00319                      0.537619
-0.993185                      0.546024
-0.983185                      0.554374
-0.973185                      0.562669
-0.963185                      0.570908
-0.953185                      0.579089
-0.943185                      0.587213
-0.933185                      0.595278
-0.923185                      0.603283
-0.913185                      0.611228
-0.903185                      0.619112
-0.893185                      0.626934
-0.883185                      0.634693
-0.873185                      0.642389
-0.863185                      0.65002
-0.853185                      0.657587
-0.843185                      0.665088
-0.833185                      0.672522
-0.823185                      0.679889
-0.813185                      0.687188
-0.803185                      0.694418
-0.793185                      0.701579
-0.783185                      0.70867
-0.773185                      0.71569
-0.763185                      0.722638
-0.753185                      0.729514
-0.743185                      0.736317
-0.733185                      0.743047
-0.723185                      0.749702
-0.713185                      0.756282
-0.703185                      0.762786
-0.693185                      0.769215
-0.683185                      0.775566
-0.673185                      0.78184
-0.663185                      0.788035
-0.653185                      0.794152
-0.643185                      0.80019
-0.633185                      0.806147
-0.623185                      0.812024
-0.613185                      0.817819
-0.603185                      0.823533
-0.593185                      0.829164
-0.583185                      0.834713
-0.573185                      0.840178
-0.563185                      0.845559
-0.553185                      0.850855
-0.543185                      0.856067
-0.533185                      0.861192
-0.523185                      0.866232
-0.513185                      0.871185
-0.503185                      0.876051
-0.493185                      0.880829
-0.483185                      0.88552
-0.473185                      0.890121
-0.463185                      0.894634
-0.453185                      0.899057
-0.443185                      0.90339
-0.433185                      0.907633
-0.423185                      0.911786
-0.413185                      0.915847
-0.403185                      0.919816
-0.393185                      0.923693
-0.383185                      0.927479
-0.373185                      0.931171
-0.363185                      0.93477
-0.353185                      0.938276
-0.343185                      0.941688
-0.333185                      0.945005
-0.323185                      0.948229
-0.313185                      0.951357
-0.303185                      0.95439
-0.293185                      0.957328
-0.283185                      0.96017
-0.273185                      0.962916
-0.263185                      0.965566
-0.253185                      0.96812
-0.243185                      0.970576
-0.233185                      0.972935
-0.223185                      0.975197
-0.213185                      0.977362
-0.203185                      0.979429
-0.193185                      0.981398
-0.183185                      0.983269
-0.173185                      0.985041
-0.163185                      0.986715
-0.153185                      0.98829
-0.143185                      0.989767
-0.133185                      0.991144
-0.123185                      0.992422
-0.113185                      0.993601
-0.103185                      0.994681
-0.0931853                      0.995661
-0.0831853                      0.996542
-0.0731853                      0.997323
-0.0631853                      0.998005
-0.0531853                      0.998586
-0.0431853                      0.999068
-0.0331853                      0.999449
-0.0231853                      0.999731
-0.0131853                      0.999913
-0.00318531                      0.999995
0.00681469                      0.999977
0.0168147                      0.999859
0.0268147                      0.999641
0.0368147                      0.999322
0.0468147                      0.998904
0.0568147                      0.998387
0.0668147                      0.997769
0.0768147                      0.997051
0.0868147                      0.996234
0.0968147                      0.995317
0.106815                      0.994301
0.116815                      0.993185
0.126815                      0.99197
0.136815                      0.990656
0.146815                      0.989242
0.156815                      0.98773
0.166815                      0.986119
0.176815                      0.984409
0.186815                      0.982601
0.196815                      0.980695
0.206815                      0.97869
0.216815                      0.976588
0.226815                      0.974388
0.236815                      0.97209
0.246815                      0.969696
0.256815                      0.967204
0.266815                      0.964616
0.276815                      0.961931
0.286815                      0.95915
0.296815                      0.956273
0.306815                      0.953301
0.316815                      0.950233
0.326815                      0.94707
0.336815                      0.943812
0.346815                      0.94046
0.356815                      0.937014
0.366815                      0.933475
0.376815                      0.929841
0.386815                      0.926115
0.396815                      0.922297
0.406815                      0.918386
0.416815                      0.914383
0.426815                      0.910289
0.436815                      0.906104
0.446815                      0.901828
0.456815                      0.897462
0.466815                      0.893006
0.476815                      0.888461
0.486815                      0.883828
0.496815                      0.879105
0.506815                      0.874295
0.516815                      0.869398
0.526815                      0.864413
0.536815                      0.859342
0.546815                      0.854185
0.556815                      0.848943
0.566815                      0.843616
0.576815                      0.838204
0.586815                      0.832709
0.596815                      0.82713
0.606815                      0.821469
0.616815                      0.815725
0.626815                      0.8099
0.636815                      0.803994
0.646815                      0.798008
0.656815                      0.791941
0.666815                      0.785796
0.676815                      0.779572
0.686815                      0.77327
0.696815                      0.76689
0.706815                      0.760434
0.716815                      0.753902
0.726815                      0.747295
0.736815                      0.740613
0.746815                      0.733856
0.756815                      0.727027
0.766815                      0.720124
0.776815                      0.71315
0.786815                      0.706104
0.796815                      0.698988
0.806815                      0.691802
0.816815                      0.684547
0.826815                      0.677223
0.836815                      0.669831
0.846815                      0.662373
0.856815                      0.654848
0.866815                      0.647258
0.876815                      0.639603
0.886815                      0.631884
0.896815                      0.624102
0.906815                      0.616257
0.916815                      0.608351
0.926815                      0.600384
0.936815                      0.592357
0.946815                      0.584271
0.956815                      0.576126
0.966815                      0.567924
0.976815                      0.559665
0.986815                      0.55135
0.996815                      0.54298
1.00681                      0.534555
1.01681                      0.526078
1.02681                      0.517547
1.03681                      0.508965
1.04681                      0.500332
1.05681                      0.491648
1.06681                      0.482916
1.07681                      0.474135
1.08681                      0.465307
1.09681                      0.456433
1.10681                      0.447512
1.11681                      0.438547
1.12681                      0.429539
1.13681                      0.420487
1.14681                      0.411393
1.15681                      0.402258
1.16681                      0.393083
1.17681                      0.383868
1.18681                      0.374615
1.19681                      0.365325
1.20681                      0.355998
1.21681                      0.346635
1.22681                      0.337238
1.23681                      0.327807
1.24681                      0.318344
1.25681                      0.308848
1.26681                      0.299322
1.27681                      0.289765
1.28681                      0.28018
1.29681                      0.270567
1.30681                      0.260926
1.31681                      0.25126
1.32681                      0.241568
1.33681                      0.231853
1.34681                      0.222114
1.35681                      0.212352
1.36681                      0.20257
1.37681                      0.192767
1.38681                      0.182945
1.39681                      0.173105
1.40681                      0.163248
1.41681                      0.153374
1.42681                      0.143485
1.43681                      0.133581
1.44681                      0.123664
1.45681                      0.113735
1.46681                      0.103794
1.47681                      0.0938434
1.48681                      0.083883
1.49681                      0.0739142
1.50681                      0.063938
1.51681                      0.0539554
1.52681                      0.0439675
1.53681                      0.0339751
1.54681                      0.0239793
1.55681                      0.0139812
1.56681                      0.00398162
1.57681                      -0.00601833
1.58681                      -0.0160177
1.59681                      -0.0260154
1.60681                      -0.0360106
1.61681                      -0.0460021
1.62681                      -0.0559891
1.63681                      -0.0659704
1.64681                      -0.0759452
1.65681                      -0.0859123
1.66681                      -0.0958709
1.67681                      -0.10582
1.68681                      -0.115758
1.69681                      -0.125685
1.70681                      -0.135599
1.71681                      -0.1455
1.72681                      -0.155386
1.73681                      -0.165257
1.74681                      -0.175111
1.75681                      -0.184947
1.76681                      -0.194766
1.77681                      -0.204564
1.78681                      -0.214342
1.79681                      -0.224099
1.80681                      -0.233833
1.81681                      -0.243544
1.82681                      -0.253231
1.83681                      -0.262892
1.84681                      -0.272527
1.85681                      -0.282135
1.86681                      -0.291714
1.87681                      -0.301264
1.88681                      -0.310785
1.89681                      -0.320274
1.90681                      -0.329731
1.91681                      -0.339155
1.92681                      -0.348545
1.93681                      -0.3579
1.94681                      -0.36722
1.95681                      -0.376503
1.96681                      -0.385748
1.97681                      -0.394955
1.98681                      -0.404122
1.99681                      -0.413248
2.00681                      -0.422334
2.01681                      -0.431377
2.02681                      -0.440377
2.03681                      -0.449333
2.04681                      -0.458244
2.05681                      -0.467109
2.06681                      -0.475928
2.07681                      -0.484698
2.08681                      -0.493421
2.09681                      -0.502094
2.10681                      -0.510717
2.11681                      -0.519289
2.12681                      -0.527809
2.13681                      -0.536276
2.14681                      -0.544689
2.15681                      -0.553048
2.16681                      -0.561352
2.17681                      -0.569599
2.18681                      -0.57779
2.19681                      -0.585923
2.20681                      -0.593997
2.21681                      -0.602012
2.22681                      -0.609967
2.23681                      -0.61786
2.24681                      -0.625692
2.25681                      -0.633461
2.26681                      -0.641167
2.27681                      -0.648809
2.28681                      -0.656386
2.29681                      -0.663897
2.30681                      -0.671342
2.31681                      -0.67872
2.32681                      -0.68603
2.33681                      -0.693271
2.34681                      -0.700443
2.35681                      -0.707545
2.36681                      -0.714576
2.37681                      -0.721536
2.38681                      -0.728424
2.39681                      -0.735238
2.40681                      -0.74198
2.41681                      -0.748647
2.42681                      -0.755239
2.43681                      -0.761755
2.44681                      -0.768196
2.45681                      -0.77456
2.46681                      -0.780846
2.47681                      -0.787054
2.48681                      -0.793183
2.49681                      -0.799233
2.50681                      -0.805203
2.51681                      -0.811093
2.52681                      -0.816902
2.53681                      -0.822628
2.54681                      -0.828273
2.55681                      -0.833835
2.56681                      -0.839313
2.57681                      -0.844708
2.58681                      -0.850017
2.59681                      -0.855242
2.60681                      -0.860382
2.61681                      -0.865435
2.62681                      -0.870402
2.63681                      -0.875282
2.64681                      -0.880074
2.65681                      -0.884779
2.66681                      -0.889394
2.67681                      -0.893921
2.68681                      -0.898359
2.69681                      -0.902706
2.70681                      -0.906964
2.71681                      -0.91113
2.72681                      -0.915206
2.73681                      -0.91919
2.74681                      -0.923082
2.75681                      -0.926882
2.76681                      -0.930589
2.77681                      -0.934203
2.78681                      -0.937724
2.79681                      -0.941151
2.80681                      -0.944483
2.81681                      -0.947722
2.82681                      -0.950865
2.83681                      -0.953914
2.84681                      -0.956867
2.85681                      -0.959724
2.86681                      -0.962486
2.87681                      -0.965151
2.88681                      -0.967719
2.89681                      -0.970191
2.90681                      -0.972566
2.91681                      -0.974844
2.92681                      -0.977024
2.93681                      -0.979106
2.94681                      -0.981091
2.95681                      -0.982977
2.96681                      -0.984765
2.97681                      -0.986455
2.98681                      -0.988046
2.99681                      -0.989538
3.00681                      -0.990931
3.01681                      -0.992225
3.02681                      -0.99342
3.03681                      -0.994516
3.04681                      -0.995512
3.05681                      -0.996409
3.06681                      -0.997206
3.07681                      -0.997903
3.08681                      -0.9985
3.09681                      -0.998998
3.10681                      -0.999395
3.11681                      -0.999693
3.12681                      -0.999891
3.13681                      -0.999989
3.14681                      -0.999986
3.15681                      -0.999884
3.16681                      -0.999682
3.17681                      -0.99938
3.18681                      -0.998978
3.19681                      -0.998476
3.20681                      -0.997874
3.21681                      -0.997172
3.22681                      -0.996371
3.23681                      -0.99547
3.24681                      -0.994469
3.25681                      -0.993369
3.26681                      -0.99217
3.27681                      -0.990872
3.28681                      -0.989474
3.29681                      -0.987977
3.30681                      -0.986382
3.31681                      -0.984688
3.32681                      -0.982895
3.33681                      -0.981005
3.34681                      -0.979016
3.35681                      -0.976929
3.36681                      -0.974745
3.37681                      -0.972463
3.38681                      -0.970084
3.39681                      -0.967607
3.40681                      -0.965034
3.41681                      -0.962365
3.42681                      -0.959599
3.43681                      -0.956738
3.44681                      -0.95378
3.45681                      -0.950728
3.46681                      -0.94758
3.47681                      -0.944337
3.48681                      -0.941
3.49681                      -0.937569
3.50681                      -0.934045
3.51681                      -0.930426
3.52681                      -0.926715
3.53681                      -0.922911
3.54681                      -0.919015
3.55681                      -0.915027
3.56681                      -0.910947
3.57681                      -0.906777
3.58681                      -0.902515
3.59681                      -0.898164
3.60681                      -0.893722
3.61681                      -0.889191
3.62681                      -0.884571
3.63681                      -0.879863
3.64681                      -0.875067
3.65681                      -0.870183
3.66681                      -0.865213
3.67681                      -0.860155
3.68681                      -0.855012
3.69681                      -0.849783
3.70681                      -0.84447
3.71681                      -0.839072
3.72681                      -0.83359
3.73681                      -0.828024
3.74681                      -0.822376
3.75681                      -0.816645
3.76681                      -0.810833
3.77681                      -0.80494
3.78681                      -0.798966
3.79681                      -0.792913
3.80681                      -0.78678
3.81681                      -0.780568
3.82681                      -0.774279
3.83681                      -0.767912
3.84681                      -0.761468
3.85681                      -0.754948
3.86681                      -0.748352
3.87681                      -0.741682
3.88681                      -0.734937
3.89681                      -0.728119
3.90681                      -0.721229
3.91681                      -0.714266
3.92681                      -0.707231
3.93681                      -0.700126
3.94681                      -0.692951
3.95681                      -0.685707
3.96681                      -0.678394
3.97681                      -0.671013
3.98681                      -0.663565
3.99681                      -0.656051
4.00681                      -0.648471
4.01681                      -0.640826
4.02681                      -0.633118
4.03681                      -0.625346
4.04681                      -0.617511
4.05681                      -0.609615
4.06681                      -0.601657
4.07681                      -0.59364
4.08681                      -0.585563
4.09681                      -0.577428
4.10681                      -0.569234
4.11681                      -0.560984
4.12681                      -0.552678
4.13681                      -0.544317
4.14681                      -0.535901
4.15681                      -0.527431
4.16681                      -0.518909
4.17681                      -0.510335
4.18681                      -0.50171
4.19681                      -0.493035
4.20681                      -0.48431
4.21681                      -0.475537
4.22681                      -0.466716
4.23681                      -0.457849
4.24681                      -0.448936
4.25681                      -0.439978
4.26681                      -0.430976
4.27681                      -0.421931
4.28681                      -0.412844
4.29681                      -0.403715
4.30681                      -0.394547
4.31681                      -0.385338
4.32681                      -0.376091
4.33681                      -0.366807
4.34681                      -0.357486
4.35681                      -0.348129
4.36681                      -0.338737
4.37681                      -0.329312
4.38681                      -0.319853
4.39681                      -0.310362
4.40681                      -0.300841
4.41681                      -0.291289
4.42681                      -0.281709
4.43681                      -0.2721
4.44681                      -0.262463
4.45681                      -0.252801
4.46681                      -0.243113
4.47681                      -0.233401
4.48681                      -0.223666
4.49681                      -0.213908
4.50681                      -0.204129
4.51681                      -0.19433
4.52681                      -0.184511
4.53681                      -0.174674
4.54681                      -0.164819
4.55681                      -0.154947
4.56681                      -0.145061
4.57681                      -0.135159
4.58681                      -0.125245
4.59681                      -0.115317
4.60681                      -0.105378
4.61681                      -0.0954289
4.62681                      -0.0854699
4.63681                      -0.0755024
4.64681                      -0.0655273
4.65681                      -0.0555457
4.66681                      -0.0455585
4.67681                      -0.0355668
4.68681                      -0.0255715
4.69681                      -0.0155737
4.70681                      -0.00557426
4.71681                      0.0044257
4.72681                      0.0144252
4.73681                      0.0244233
4.74681                      0.0344189
4.75681                      0.0444111
4.76681                      0.0543989
4.77681                      0.0643812
4.78681                      0.074357
4.79681                      0.0843255
4.80681                      0.0942855
4.81681                      0.104236
4.82681                      0.114176
4.83681                      0.124105
4.84681                      0.134021
4.85681                      0.143924
4.86681                      0.153813
4.87681                      0.163686
4.88681                      0.173543
4.89681                      0.183382
4.90681                      0.193203
4.91681                      0.203005
4.92681                      0.212786
4.93681                      0.222547
4.94681                      0.232284
4.95681                      0.241999
4.96681                      0.25169
4.97681                      0.261355
4.98681                      0.270994
4.99681                      0.280606
5.00681                      0.29019
5.01681                      0.299745
5.02681                      0.30927
5.03681                      0.318765
5.04681                      0.328227
5.05681                      0.337656
5.06681                      0.347052
5.07681                      0.356413
5.08681                      0.365738
5.09681                      0.375027
5.10681                      0.384278
5.11681                      0.393491
5.12681                      0.402664
5.13681                      0.411798
5.14681                      0.42089
5.15681                      0.429939
5.16681                      0.438946
5.17681                      0.447909
5.18681                      0.456828
5.19681                      0.4657
5.20681                      0.474526
5.21681                      0.483305
5.22681                      0.492035
5.23681                      0.500716
5.24681                      0.509347
5.25681                      0.517927
5.26681                      0.526455
5.27681                      0.534931
5.28681                      0.543353
5.29681                      0.551721
5.30681                      0.560033
5.31681                      0.56829
5.32681                      0.576489
5.33681                      0.584631
5.34681                      0.592715
5.35681                      0.600739
5.36681                      0.608704
5.37681                      0.616607
5.38681                      0.624449
5.39681                      0.632228
5.40681                      0.639944
5.41681                      0.647596
5.42681                      0.655184
5.43681                      0.662706
5.44681                      0.670161
5.45681                      0.67755
5.46681                      0.68487
5.47681                      0.692123
5.48681                      0.699306
5.49681                      0.706419
5.50681                      0.713461
5.51681                      0.720433
5.52681                      0.727332
5.53681                      0.734158
5.54681                      0.740911
5.55681                      0.74759
5.56681                      0.754194
5.57681                      0.760723
5.58681                      0.767175
5.59681                      0.773551
5.60681                      0.77985
5.61681                      0.78607
5.62681                      0.792212
5.63681                      0.798275
5.64681                      0.804258
5.65681                      0.81016
5.66681                      0.815982
5.67681                      0.821722
5.68681                      0.82738
5.69681                      0.832955
5.70681                      0.838446
5.71681                      0.843854
5.72681                      0.849177
5.73681                      0.854416
5.74681                      0.859569
5.75681                      0.864636
5.76681                      0.869617
5.77681                      0.874511
5.78681                      0.879317
5.79681                      0.884035
5.80681                      0.888665
5.81681                      0.893206
5.82681                      0.897658
5.83681                      0.90202
5.84681                      0.906292
5.85681                      0.910473
5.86681                      0.914563
5.87681                      0.918562
5.88681                      0.922468
5.89681                      0.926283
5.90681                      0.930005
5.91681                      0.933634
5.92681                      0.937169
5.93681                      0.940611
5.94681                      0.943959
5.95681                      0.947212
5.96681                      0.950371
5.97681                      0.953435
5.98681                      0.956403
5.99681                      0.959275
6.00681                      0.962052
6.01681                      0.964733
6.02681                      0.967317
6.03681                      0.969804
6.04681                      0.972194
6.05681                      0.974487
6.06681                      0.976683
6.07681                      0.978781
6.08681                      0.980781
6.09681                      0.982683
6.10681                      0.984487
6.11681                      0.986192
6.12681                      0.987799
6.13681                      0.989307
6.14681                      0.990716
6.15681                      0.992026
6.16681                      0.993237
6.17681                      0.994348
6.18681                      0.99536
6.19681                      0.996272
6.20681                      0.997085
6.21681                      0.997798
6.22681                      0.998412
6.23681                      0.998925
6.24681                      0.999339
6.25681                      0.999652
6.26681                      0.999866
6.27681                      0.99998
