-6.27319                      99.9967
-6.26319                      49.9933
-6.25319                      33.3233
-6.24319                      24.9867
-6.23319                      19.9833
-6.22319                      16.6467
-6.21319                      14.2624
-6.20319                      12.4733
-6.19319                      11.0811
-6.18319                      9.96664
-6.17319                      9.05421
-6.16319                      8.29329
-6.15319                      7.64893
-6.14319                      7.09613
-6.13319                      6.61659
-6.12319                      6.19658
-6.11319                      5.82558
-6.10319                      5.49543
-6.09319                      5.19967
-6.08319                      4.93315
-6.07319                      4.6917
-6.06319                      4.47188
-6.05319                      4.27089
-6.04319                      4.08636
-6.03319                      3.91632
-6.02319                      3.75909
-6.01319                      3.61326
-6.00319                      3.4776
-5.99319                      3.35106
-5.98319                      3.23273
-5.97319                      3.1218
-5.96319                      3.0176
-5.95319                      2.9195
-5.94319                      2.82696
-5.93319                      2.73951
-5.92319                      2.65673
-5.91319                      2.57823
-5.90319                      2.50368
-5.89319                      2.43276
-5.88319                      2.36522
-5.87319                      2.3008
-5.86319                      2.23928
-5.85319                      2.18045
-5.84319                      2.12413
-5.83319                      2.07016
-5.82319                      2.01837
-5.81319                      1.96864
-5.80319                      1.92082
-5.79319                      1.87481
-5.78319                      1.83049
-5.77319                      1.78776
-5.76319                      1.74654
-5.75319                      1.70673
-5.74319                      1.66825
-5.73319                      1.63104
-5.72319                      1.59502
-5.71319                      1.56014
-5.70319                      1.52633
-5.69319                      1.49353
-5.68319                      1.4617
-5.67319                      1.43078
-5.66319                      1.40074
-5.65319                      1.37153
-5.64319                      1.3431
-5.63319                      1.31544
-5.62319                      1.28849
-5.61319                      1.26222
-5.60319                      1.23661
-5.59319                      1.21163
-5.58319                      1.18724
-5.57319                      1.16343
-5.56319                      1.14016
-5.55319                      1.11742
-5.54319                      1.09518
-5.53319                      1.07343
-5.52319                      1.05213
-5.51319                      1.03128
-5.50319                      1.01086
-5.49319                      0.990838
-5.48319                      0.971215
-5.47319                      0.951968
-5.46319                      0.933085
-5.45319                      0.914551
-5.44319                      0.896353
-5.43319                      0.878478
-5.42319                      0.860914
-5.41319                      0.843651
-5.40319                      0.826676
-5.39319                      0.809979
-5.38319                      0.793551
-5.37319                      0.777382
-5.36319                      0.761462
-5.35319                      0.745782
-5.34319                      0.730335
-5.33319                      0.715112
-5.32319                      0.700105
-5.31319                      0.685306
-5.30319                      0.67071
-5.29319                      0.656307
-5.28319                      0.642093
-5.27319                      0.628059
-5.26319                      0.614201
-5.25319                      0.600513
-5.24319                      0.586987
-5.23319                      0.57362
-5.22319                      0.560405
-5.21319                      0.547337
-5.20319                      0.534411
-5.19319                      0.521623
-5.18319                      0.508968
-5.17319                      0.496441
-5.16319                      0.484038
-5.15319                      0.471754
-5.14319                      0.459585
-5.13319                      0.447528
-5.12319                      0.435578
-5.11319                      0.423732
-5.10319                      0.411986
-5.09319                      0.400336
-5.08319                      0.38878
-5.07319                      0.377312
-5.06319                      0.365931
-5.05319                      0.354633
-5.04319                      0.343415
-5.03319                      0.332273
-5.02319                      0.321206
-5.01319                      0.310209
-5.00319                      0.29928
-4.99319                      0.288417
-4.98319                      0.277616
-4.97319                      0.266874
-4.96319                      0.25619
-4.95319                      0.245561
-4.94319                      0.234984
-4.93319                      0.224456
-4.92319                      0.213975
-4.91319                      0.203539
-4.90319                      0.193146
-4.89319                      0.182792
-4.88319                      0.172477
-4.87319                      0.162197
-4.86319                      0.15195
-4.85319                      0.141734
-4.84319                      0.131547
-4.83319                      0.121387
-4.82319                      0.111252
-4.81319                      0.101139
-4.80319                      0.0910467
-4.79319                      0.0809726
-4.78319                      0.0709148
-4.77319                      0.0608713
-4.76319                      0.0508401
-4.75319                      0.040819
-4.74319                      0.0308061
-4.73319                      0.0207993
-4.72319                      0.0107967
-4.71319                      0.000796327
-4.70319                      -0.00920393
-4.69319                      -0.019206
-4.68319                      -0.029212
-4.67319                      -0.0392238
-4.66319                      -0.0492434
-4.65319                      -0.0592729
-4.64319                      -0.0693144
-4.63319                      -0.0793697
-4.62319                      -0.089441
-4.61319                      -0.0995304
-4.60319                      -0.10964
-4.59319                      -0.119772
-4.58319                      -0.129927
-4.57319                      -0.14011
-4.56319                      -0.150321
-4.55319                      -0.160562
-4.54319                      -0.170837
-4.53319                      -0.181147
-4.52319                      -0.191494
-4.51319                      -0.201881
-4.50319                      -0.21231
-4.49319                      -0.222783
-4.48319                      -0.233304
-4.47319                      -0.243873
-4.46319                      -0.254494
-4.45319                      -0.265169
-4.44319                      -0.275901
-4.43319                      -0.286692
-4.42319                      -0.297546
-4.41319                      -0.308464
-4.40319                      -0.31945
-4.39319                      -0.330506
-4.38319                      -0.341635
-4.37319                      -0.352841
-4.36319                      -0.364126
-4.35319                      -0.375494
-4.34319                      -0.386947
-4.33319                      -0.39849
-4.32319                      -0.410124
-4.31319                      -0.421855
-4.30319                      -0.433685
-4.29319                      -0.445618
-4.28319                      -0.457658
-4.27319                      -0.469808
-4.26319                      -0.482073
-4.25319                      -0.494457
-4.24319                      -0.506964
-4.23319                      -0.519599
-4.22319                      -0.532366
-4.21319                      -0.545269
-4.20319                      -0.558314
-4.19319                      -0.571505
-4.18319                      -0.584848
-4.17319                      -0.598348
-4.16319                      -0.61201
-4.15319                      -0.625841
-4.14319                      -0.639846
-4.13319                      -0.654031
-4.12319                      -0.668403
-4.11319                      -0.682968
-4.10319                      -0.697734
-4.09319                      -0.712708
-4.08319                      -0.727896
-4.07319                      -0.743307
-4.06319                      -0.758949
-4.05319                      -0.77483
-4.04319                      -0.790959
-4.03319                      -0.807345
-4.02319                      -0.823998
-4.01319                      -0.840928
-4.00319                      -0.858145
-3.99319                      -0.87566
-3.98319                      -0.893484
-3.97319                      -0.91163
-3.96319                      -0.93011
-3.95319                      -0.948937
-3.94319                      -0.968124
-3.93319                      -0.987687
-3.92319                      -1.00764
-3.91319                      -1.028
-3.90319                      -1.04878
-3.89319                      -1.07
-3.88319                      -1.09169
-3.87319                      -1.11385
-3.86319                      -1.13651
-3.85319                      -1.15969
-3.84319                      -1.18341
-3.83319                      -1.2077
-3.82319                      -1.23259
-3.81319                      -1.2581
-3.80319                      -1.28426
-3.79319                      -1.3111
-3.78319                      -1.33865
-3.77319                      -1.36695
-3.76319                      -1.39603
-3.75319                      -1.42594
-3.74319                      -1.45671
-3.73319                      -1.48839
-3.72319                      -1.52103
-3.71319                      -1.55468
-3.70319                      -1.58939
-3.69319                      -1.62523
-3.68319                      -1.66224
-3.67319                      -1.70051
-3.66319                      -1.7401
-3.65319                      -1.7811
-3.64319                      -1.82358
-3.63319                      -1.86764
-3.62319                      -1.91337
-3.61319                      -1.9609
-3.60319                      -2.01032
-3.59319                      -2.06177
-3.58319                      -2.11538
-3.57319                      -2.17132
-3.56319                      -2.22973
-3.55319                      -2.29081
-3.54319                      -2.35476
-3.53319                      -2.42179
-3.52319                      -2.49215
-3.51319                      -2.5661
-3.50319                      -2.64395
-3.49319                      -2.72603
-3.48319                      -2.8127
-3.47319                      -2.9044
-3.46319                      -3.00158
-3.45319                      -3.10478
-3.44319                      -3.21458
-3.43319                      -3.33169
-3.42319                      -3.45686
-3.41319                      -3.59101
-3.40319                      -3.73514
-3.39319                      -3.89046
-3.38319                      -4.05835
-3.37319                      -4.24045
-3.36319                      -4.43868
-3.35319                      -4.65532
-3.34319                      -4.89312
-3.33319                      -5.15539
-3.32319                      -5.44617
-3.31319                      -5.77045
-3.30319                      -6.13444
-3.29319                      -6.54602
-3.28319                      -7.01525
-3.27319                      -7.55529
-3.26319                      -8.18361
-3.25319                      -8.92393
-3.24319                      -9.80934
-3.23319                      -10.8874
-3.22319                      -12.2288
-3.21319                      -13.944
-3.20319                      -16.2152
-3.19319                      -19.3654
-3.18319                      -24.0288
-3.17319                      -31.6424
-3.16319                      -46.3049
-3.15319                      -86.2577
-3.14319                      -627.883
-3.13319                      118.941
-3.12319                      54.32
-3.11319                      35.1927
-3.10319                      26.0239
-3.09319                      20.6419
-3.08319                      17.1017
-3.07319                      14.5955
-3.06319                      12.7278
-3.05319                      11.2818
-3.04319                      10.129
-3.03319                      9.1883
-3.02319                      8.40592
-3.01319                      7.74487
-3.00319                      7.17886
-2.99319                      6.68867
-2.98319                      6.25995
-2.97319                      5.88174
-2.96319                      5.54555
-2.95319                      5.2447
-2.94319                      4.97383
-2.93319                      4.72862
-2.92319                      4.50557
-2.91319                      4.30174
-2.90319                      4.11473
-2.89319                      3.9425
-2.88319                      3.78334
-2.87319                      3.63578
-2.86319                      3.49857
-2.85319                      3.37064
-2.84319                      3.25106
-2.83319                      3.139
-2.82319                      3.03377
-2.81319                      2.93473
-2.80319                      2.84135
-2.79319                      2.75312
-2.78319                      2.66962
-2.77319                      2.59046
-2.76319                      2.5153
-2.75319                      2.44383
-2.74319                      2.37576
-2.73319                      2.31086
-2.72319                      2.24889
-2.71319                      2.18965
-2.70319                      2.13294
-2.69319                      2.0786
-2.68319                      2.02648
-2.67319                      1.97643
-2.66319                      1.92831
-2.65319                      1.88202
-2.64319                      1.83744
-2.63319                      1.79446
-2.62319                      1.75301
-2.61319                      1.71298
-2.60319                      1.67429
-2.59319                      1.63689
-2.58319                      1.60068
-2.57319                      1.56562
-2.56319                      1.53164
-2.55319                      1.49869
-2.54319                      1.4667
-2.53319                      1.43565
-2.52319                      1.40547
-2.51319                      1.37612
-2.50319                      1.34758
-2.49319                      1.31979
-2.48319                      1.29273
-2.47319                      1.26636
-2.46319                      1.24065
-2.45319                      1.21557
-2.44319                      1.19109
-2.43319                      1.16718
-2.42319                      1.14383
-2.41319                      1.12101
-2.40319                      1.09869
-2.39319                      1.07686
-2.38319                      1.05549
-2.37319                      1.03457
-2.36319                      1.01408
-2.35319                      0.994
-2.34319                      0.974314
-2.33319                      0.955009
-2.32319                      0.936069
-2.31319                      0.91748
-2.30319                      0.899229
-2.29319                      0.881303
-2.28319                      0.863691
-2.27319                      0.84638
-2.26319                      0.82936
-2.25319                      0.81262
-2.24319                      0.79615
-2.23319                      0.77994
-2.22319                      0.763981
-2.21319                      0.748264
-2.20319                      0.73278
-2.19319                      0.717522
-2.18319                      0.702481
-2.17319                      0.68765
-2.16319                      0.673021
-2.15319                      0.658588
-2.14319                      0.644344
-2.13319                      0.630283
-2.12319                      0.616397
-2.11319                      0.602682
-2.10319                      0.589131
-2.09319                      0.575738
-2.08319                      0.562499
-2.07319                      0.549409
-2.06319                      0.536461
-2.05319                      0.523651
-2.04319                      0.510975
-2.03319                      0.498428
-2.02319                      0.486005
-2.01319                      0.473702
-2.00319                      0.461516
-1.99319                      0.449441
-1.98319                      0.437474
-1.97319                      0.425612
-1.96319                      0.41385
-1.95319                      0.402185
-1.94319                      0.390614
-1.93319                      0.379133
-1.92319                      0.367738
-1.91319                      0.356427
-1.90319                      0.345196
-1.89319                      0.334043
-1.88319                      0.322964
-1.87319                      0.311956
-1.86319                      0.301016
-1.85319                      0.290143
-1.84319                      0.279332
-1.83319                      0.268581
-1.82319                      0.257888
-1.81319                      0.24725
-1.80319                      0.236665
-1.79319                      0.226129
-1.78319                      0.215641
-1.77319                      0.205198
-1.76319                      0.194798
-1.75319                      0.184439
-1.74319                      0.174117
-1.73319                      0.163832
-1.72319                      0.15358
-1.71319                      0.143359
-1.70319                      0.133168
-1.69319                      0.123004
-1.68319                      0.112865
-1.67319                      0.102748
-1.66319                      0.0926527
-1.65319                      0.0825759
-1.64319                      0.0725157
-1.63319                      0.0624701
-1.62319                      0.052437
-1.61319                      0.0424144
-1.60319                      0.0324003
-1.59319                      0.0223927
-1.58319                      0.0123896
-1.57319                      0.00238898
-1.56319                      -0.00761117
-1.55319                      -0.0176128
-1.54319                      -0.027618
-1.53319                      -0.0376288
-1.52319                      -0.047647
-1.51319                      -0.0576748
-1.50319                      -0.0677142
-1.49319                      -0.0777672
-1.48319                      -0.0878359
-1.47319                      -0.0979222
-1.46319                      -0.108028
-1.45319                      -0.118156
-1.44319                      -0.128308
-1.43319                      -0.138486
-1.42319                      -0.148693
-1.41319                      -0.158929
-1.40319                      -0.169198
-1.39319                      -0.179503
-1.38319                      -0.189844
-1.37319                      -0.200224
-1.36319                      -0.210646
-1.35319                      -0.221112
-1.34319                      -0.231625
-1.33319                      -0.242186
-1.32319                      -0.252799
-1.31319                      -0.263465
-1.30319                      -0.274188
-1.29319                      -0.28497
-1.28319                      -0.295813
-1.27319                      -0.306721
-1.26319                      -0.317695
-1.25319                      -0.32874
-1.24319                      -0.339858
-1.23319                      -0.351051
-1.22319                      -0.362324
-1.21319                      -0.373678
-1.20319                      -0.385117
-1.19319                      -0.396645
-1.18319                      -0.408265
-1.17319                      -0.41998
-1.16319                      -0.431794
-1.15319                      -0.44371
-1.14319                      -0.455733
-1.13319                      -0.467865
-1.12319                      -0.480112
-1.11319                      -0.492477
-1.10319                      -0.504964
-1.09319                      -0.517578
-1.08319                      -0.530323
-1.07319                      -0.543205
-1.06319                      -0.556226
-1.05319                      -0.569394
-1.04319                      -0.582712
-1.03319                      -0.596187
-1.02319                      -0.609823
-1.01319                      -0.623626
-1.00319                      -0.637603
-0.993185                      -0.651759
-0.983185                      -0.666101
-0.973185                      -0.680635
-0.963185                      -0.695369
-0.953185                      -0.710309
-0.943185                      -0.725462
-0.933185                      -0.740837
-0.923185                      -0.756442
-0.913185                      -0.772284
-0.903185                      -0.788373
-0.893185                      -0.804718
-0.883185                      -0.821328
-0.873185                      -0.838213
-0.863185                      -0.855383
-0.853185                      -0.87285
-0.843185                      -0.890624
-0.833185                      -0.908718
-0.823185                      -0.927144
-0.813185                      -0.945915
-0.803185                      -0.965044
-0.793185                      -0.984546
-0.783185                      -1.00444
-0.773185                      -1.02473
-0.763185                      -1.04544
-0.753185                      -1.06659
-0.743185                      -1.0882
-0.733185                      -1.11028
-0.723185                      -1.13286
-0.713185                      -1.15596
-0.703185                      -1.1796
-0.693185                      -1.2038
-0.683185                      -1.22859
-0.673185                      -1.25399
-0.663185                      -1.28005
-0.653185                      -1.30677
-0.643185                      -1.33421
-0.633185                      -1.36239
-0.623185                      -1.39135
-0.613185                      -1.42112
-0.603185                      -1.45175
-0.593185                      -1.48329
-0.583185                      -1.51577
-0.573185                      -1.54925
-0.563185                      -1.58379
-0.553185                      -1.61944
-0.543185                      -1.65627
-0.533185                      -1.69433
-0.523185                      -1.73371
-0.513185                      -1.77447
-0.503185                      -1.81671
-0.493185                      -1.86051
-0.483185                      -1.90597
-0.473185                      -1.9532
-0.463185                      -2.00231
-0.453185                      -2.05343
-0.443185                      -2.10669
-0.433185                      -2.16225
-0.423185                      -2.22026
-0.413185                      -2.2809
-0.403185                      -2.34437
-0.393185                      -2.4109
-0.383185                      -2.48071
-0.373185                      -2.55407
-0.363185                      -2.63128
-0.353185                      -2.71266
-0.343185                      -2.79857
-0.333185                      -2.88944
-0.323185                      -2.98571
-0.313185                      -3.08791
-0.303185                      -3.19663
-0.293185                      -3.31252
-0.283185                      -3.43635
-0.273185                      -3.569
-0.263185                      -3.71147
-0.253185                      -3.86492
-0.243185                      -4.03071
-0.233185                      -4.21042
-0.223185                      -4.40594
-0.213185                      -4.61948
-0.203185                      -4.8537
-0.193185                      -5.11182
-0.183185                      -5.39775
-0.173185                      -5.71632
-0.163185                      -6.07351
-0.153185                      -6.4769
-0.143185                      -6.93616
-0.133185                      -7.46389
-0.123185                      -8.07675
-0.113185                      -8.79731
-0.103185                      -9.65688
-0.0931853                      -10.7002
-0.0831853                      -11.9936
-0.0731853                      -13.6395
-0.0631853                      -15.8054
-0.0531853                      -18.7845
-0.0431853                      -23.1416
-0.0331853                      -30.1228
-0.0231853                      -43.123
-0.0131853                      -75.8376
-0.00318531                      -313.94
0.00681469                      146.739
0.0168147                      59.4662
0.0268147                      37.284
0.0368147                      27.1508
0.0468147                      21.3452
0.0568147                      17.5821
0.0668147                      14.9445
0.0768147                      12.9927
0.0868147                      11.4898
0.0968147                      10.2967
0.106815                      9.32638
0.116815                      8.52159
0.126815                      7.8432
0.136815                      7.26349
0.146815                      6.7623
0.156815                      6.3246
0.166815                      5.93897
0.176815                      5.59658
0.186815                      5.29048
0.196815                      5.01515
0.206815                      4.76611
0.216815                      4.53973
0.226815                      4.33302
0.236815                      4.14348
0.246815                      3.96902
0.256815                      3.80787
0.266815                      3.65856
0.276815                      3.51978
0.286815                      3.39044
0.296815                      3.26958
0.306815                      3.15638
0.316815                      3.0501
0.326815                      2.95012
0.336815                      2.85586
0.346815                      2.76684
0.356815                      2.68262
0.366815                      2.60279
0.376815                      2.52701
0.386815                      2.45497
0.396815                      2.38639
0.406815                      2.321
0.416815                      2.25857
0.426815                      2.19891
0.436815                      2.14181
0.446815                      2.08711
0.456815                      2.03464
0.466815                      1.98426
0.476815                      1.93585
0.486815                      1.88928
0.496815                      1.84443
0.506815                      1.8012
0.516815                      1.75951
0.526815                      1.71926
0.536815                      1.68037
0.546815                      1.64276
0.556815                      1.60637
0.566815                      1.57113
0.576815                      1.53698
0.586815                      1.50387
0.596815                      1.47173
0.606815                      1.44053
0.616815                      1.41022
0.626815                      1.38074
0.636815                      1.35207
0.646815                      1.32417
0.656815                      1.29699
0.666815                      1.27051
0.676815                      1.2447
0.686815                      1.21952
0.696815                      1.19495
0.706815                      1.17095
0.716815                      1.14752
0.726815                      1.12461
0.736815                      1.10221
0.746815                      1.08031
0.756815                      1.05887
0.766815                      1.03788
0.776815                      1.01732
0.786815                      0.997171
0.796815                      0.977424
0.806815                      0.958059
0.816815                      0.939061
0.826815                      0.920417
0.836815                      0.902114
0.846815                      0.884137
0.856815                      0.866476
0.866815                      0.849118
0.876815                      0.832052
0.886815                      0.815268
0.896815                      0.798755
0.906815                      0.782505
0.916815                      0.766506
0.926815                      0.750751
0.936815                      0.735231
0.946815                      0.719937
0.956815                      0.704862
0.966815                      0.689998
0.976815                      0.675338
0.986815                      0.660874
0.996815                      0.6466
1.00681                      0.63251
1.01681                      0.618597
1.02681                      0.604855
1.03681                      0.591278
1.04681                      0.577861
1.05681                      0.564598
1.06681                      0.551484
1.07681                      0.538513
1.08681                      0.525682
1.09681                      0.512985
1.10681                      0.500418
1.11681                      0.487975
1.12681                      0.475654
1.13681                      0.463449
1.14681                      0.451357
1.15681                      0.439373
1.16681                      0.427495
1.17681                      0.415717
1.18681                      0.404037
1.19681                      0.392451
1.20681                      0.380955
1.21681                      0.369547
1.22681                      0.358223
1.23681                      0.34698
1.24681                      0.335814
1.25681                      0.324723
1.26681                      0.313704
1.27681                      0.302754
1.28681                      0.29187
1.29681                      0.281049
1.30681                      0.270289
1.31681                      0.259587
1.32681                      0.248941
1.33681                      0.238347
1.34681                      0.227804
1.35681                      0.217309
1.36681                      0.206859
1.37681                      0.196452
1.38681                      0.186086
1.39681                      0.175759
1.40681                      0.165467
1.41681                      0.15521
1.42681                      0.144985
1.43681                      0.134789
1.44681                      0.124621
1.45681                      0.114478
1.46681                      0.104358
1.47681                      0.0942593
1.48681                      0.0841796
1.49681                      0.0741169
1.50681                      0.0640691
1.51681                      0.0540341
1.52681                      0.04401
1.53681                      0.0339947
1.54681                      0.0239862
1.55681                      0.0139825
1.56681                      0.00398166
1.57681                      -0.00601844
1.58681                      -0.0160197
1.59681                      -0.0260242
1.60681                      -0.0360339
1.61681                      -0.0460509
1.62681                      -0.056077
1.63681                      -0.0661144
1.64681                      -0.0761651
1.65681                      -0.0862312
1.66681                      -0.0963145
1.67681                      -0.106417
1.68681                      -0.116542
1.69681                      -0.12669
1.70681                      -0.136863
1.71681                      -0.147065
1.72681                      -0.157297
1.73681                      -0.167561
1.74681                      -0.177859
1.75681                      -0.188194
1.76681                      -0.198568
1.77681                      -0.208983
1.78681                      -0.219442
1.79681                      -0.229947
1.80681                      -0.240501
1.81681                      -0.251105
1.82681                      -0.261763
1.83681                      -0.272476
1.84681                      -0.283248
1.85681                      -0.294082
1.86681                      -0.304979
1.87681                      -0.315943
1.88681                      -0.326976
1.89681                      -0.338082
1.90681                      -0.349263
1.91681                      -0.360523
1.92681                      -0.371864
1.93681                      -0.38329
1.94681                      -0.394803
1.95681                      -0.406408
1.96681                      -0.418108
1.97681                      -0.429906
1.98681                      -0.441805
1.99681                      -0.453811
2.00681                      -0.465926
2.01681                      -0.478154
2.02681                      -0.4905
2.03681                      -0.502967
2.04681                      -0.51556
2.05681                      -0.528285
2.06681                      -0.541144
2.07681                      -0.554143
2.08681                      -0.567287
2.09681                      -0.580581
2.10681                      -0.59403
2.11681                      -0.60764
2.12681                      -0.621417
2.13681                      -0.635365
2.14681                      -0.649492
2.15681                      -0.663804
2.16681                      -0.678307
2.17681                      -0.693009
2.18681                      -0.707915
2.19681                      -0.723034
2.20681                      -0.738373
2.21681                      -0.753941
2.22681                      -0.769745
2.23681                      -0.785794
2.24681                      -0.802097
2.25681                      -0.818664
2.26681                      -0.835505
2.27681                      -0.852629
2.28681                      -0.870048
2.29681                      -0.887773
2.30681                      -0.905815
2.31681                      -0.924187
2.32681                      -0.942902
2.33681                      -0.961973
2.34681                      -0.981414
2.35681                      -1.00124
2.36681                      -1.02147
2.37681                      -1.04211
2.38681                      -1.0632
2.39681                      -1.08473
2.40681                      -1.10673
2.41681                      -1.12923
2.42681                      -1.15225
2.43681                      -1.17579
2.44681                      -1.1999
2.45681                      -1.2246
2.46681                      -1.24991
2.47681                      -1.27585
2.48681                      -1.30247
2.49681                      -1.32979
2.50681                      -1.35785
2.51681                      -1.38668
2.52681                      -1.41632
2.53681                      -1.44681
2.54681                      -1.4782
2.55681                      -1.51053
2.56681                      -1.54385
2.57681                      -1.57822
2.58681                      -1.61369
2.59681                      -1.65032
2.60681                      -1.68818
2.61681                      -1.72734
2.62681                      -1.76788
2.63681                      -1.80988
2.64681                      -1.85343
2.65681                      -1.89862
2.66681                      -1.94556
2.67681                      -1.99436
2.68681                      -2.04515
2.69681                      -2.09806
2.70681                      -2.15324
2.71681                      -2.21085
2.72681                      -2.27106
2.73681                      -2.33407
2.74681                      -2.40009
2.75681                      -2.46936
2.76681                      -2.54213
2.77681                      -2.61871
2.78681                      -2.6994
2.79681                      -2.78457
2.80681                      -2.87462
2.81681                      -2.97
2.82681                      -3.07122
2.83681                      -3.17885
2.84681                      -3.29355
2.85681                      -3.41606
2.86681                      -3.54725
2.87681                      -3.68807
2.88681                      -3.83969
2.89681                      -4.00341
2.90681                      -4.1808
2.91681                      -4.37366
2.92681                      -4.58416
2.93681                      -4.81489
2.94681                      -5.06896
2.95681                      -5.35017
2.96681                      -5.66317
2.97681                      -6.01375
2.98681                      -6.40919
2.99681                      -6.8588
3.00681                      -7.37463
3.01681                      -7.9726
3.02681                      -8.67418
3.03681                      -9.50904
3.04681                      -10.5194
3.05681                      -11.7672
3.06681                      -13.348
3.07681                      -15.4158
3.08681                      -18.2373
3.09681                      -22.3175
3.10681                      -28.7422
3.11681                      -40.3502
3.12681                      -67.6634
3.13681                      -209.293
3.14681                      191.494
3.15681                      65.6891
3.16681                      39.6395
3.17681                      28.3796
3.18681                      22.098
3.19681                      18.0903
3.20681                      15.3105
3.21681                      13.2689
3.22681                      11.7056
3.23681                      10.47
3.24681                      9.46861
3.25681                      8.64045
3.26681                      7.94403
3.27681                      7.35012
3.28681                      6.83753
3.29681                      6.39056
3.30681                      5.99729
3.31681                      5.64852
3.32681                      5.33704
3.33681                      5.05713
3.34681                      4.80417
3.35681                      4.5744
3.36681                      4.36473
3.37681                      4.1726
3.38681                      3.99587
3.39681                      3.83271
3.40681                      3.6816
3.41681                      3.54122
3.42681                      3.41045
3.43681                      3.2883
3.44681                      3.17393
3.45681                      3.06659
3.46681                      2.96564
3.47681                      2.87051
3.48681                      2.78069
3.49681                      2.69573
3.50681                      2.61522
3.51681                      2.53882
3.52681                      2.46621
3.53681                      2.39709
3.54681                      2.33121
3.55681                      2.26833
3.56681                      2.20823
3.57681                      2.15074
3.58681                      2.09566
3.59681                      2.04285
3.60681                      1.99215
3.61681                      1.94343
3.62681                      1.89657
3.63681                      1.85146
3.64681                      1.80798
3.65681                      1.76605
3.66681                      1.72558
3.67681                      1.68647
3.68681                      1.64867
3.69681                      1.61209
3.70681                      1.57667
3.71681                      1.54235
3.72681                      1.50907
3.73681                      1.47679
3.74681                      1.44544
3.75681                      1.41499
3.76681                      1.38538
3.77681                      1.35659
3.78681                      1.32856
3.79681                      1.30127
3.80681                      1.27469
3.81681                      1.24877
3.82681                      1.22349
3.83681                      1.19882
3.84681                      1.17474
3.85681                      1.15121
3.86681                      1.12822
3.87681                      1.10575
3.88681                      1.08376
3.89681                      1.06225
3.90681                      1.04119
3.91681                      1.02056
3.92681                      1.00035
3.93681                      0.980543
3.94681                      0.961118
3.95681                      0.942063
3.96681                      0.923364
3.97681                      0.905007
3.98681                      0.886979
3.99681                      0.869268
4.00681                      0.851862
4.01681                      0.834751
4.02681                      0.817923
4.03681                      0.801368
4.04681                      0.785076
4.05681                      0.769038
4.06681                      0.753244
4.07681                      0.737687
4.08681                      0.722358
4.09681                      0.707249
4.10681                      0.692352
4.11681                      0.677659
4.12681                      0.663165
4.13681                      0.648861
4.14681                      0.634742
4.15681                      0.620801
4.16681                      0.607032
4.17681                      0.59343
4.18681                      0.579987
4.19681                      0.5667
4.20681                      0.553563
4.21681                      0.54057
4.22681                      0.527717
4.23681                      0.514999
4.24681                      0.502411
4.25681                      0.489949
4.26681                      0.477608
4.27681                      0.465385
4.28681                      0.453275
4.29681                      0.441275
4.30681                      0.42938
4.31681                      0.417586
4.32681                      0.405891
4.33681                      0.39429
4.34681                      0.38278
4.35681                      0.371358
4.36681                      0.360021
4.37681                      0.348765
4.38681                      0.337587
4.39681                      0.326485
4.40681                      0.315455
4.41681                      0.304494
4.42681                      0.293599
4.43681                      0.282769
4.44681                      0.271999
4.45681                      0.261288
4.46681                      0.250633
4.47681                      0.240031
4.48681                      0.22948
4.49681                      0.218977
4.50681                      0.20852
4.51681                      0.198107
4.52681                      0.187734
4.53681                      0.177401
4.54681                      0.167104
4.55681                      0.156842
4.56681                      0.146611
4.57681                      0.136411
4.58681                      0.126239
4.59681                      0.116092
4.60681                      0.105968
4.61681                      0.0958664
4.62681                      0.0857838
4.63681                      0.0757185
4.64681                      0.0656684
4.65681                      0.0556316
4.66681                      0.0456059
4.67681                      0.0355893
4.68681                      0.0255799
4.69681                      0.0155755
4.70681                      0.00557435
4.71681                      -0.00442574
4.72681                      -0.0144267
4.73681                      -0.0244306
4.74681                      -0.0344393
4.75681                      -0.044455
4.76681                      -0.0544795
4.77681                      -0.064515
4.78681                      -0.0745634
4.79681                      -0.0846269
4.80681                      -0.0947074
4.81681                      -0.104807
4.82681                      -0.114928
4.83681                      -0.125072
4.84681                      -0.135241
4.85681                      -0.145438
4.86681                      -0.155665
4.87681                      -0.165924
4.88681                      -0.176216
4.89681                      -0.186546
4.90681                      -0.196913
4.91681                      -0.207322
4.92681                      -0.217774
4.93681                      -0.228271
4.94681                      -0.238817
4.95681                      -0.249413
4.96681                      -0.260062
4.97681                      -0.270766
4.98681                      -0.281529
4.99681                      -0.292352
5.00681                      -0.303239
5.01681                      -0.314192
5.02681                      -0.325214
5.03681                      -0.336308
5.04681                      -0.347477
5.05681                      -0.358724
5.06681                      -0.370052
5.07681                      -0.381464
5.08681                      -0.392963
5.09681                      -0.404554
5.10681                      -0.416238
5.11681                      -0.42802
5.12681                      -0.439903
5.13681                      -0.451891
5.14681                      -0.463989
5.15681                      -0.476198
5.16681                      -0.488525
5.17681                      -0.500973
5.18681                      -0.513546
5.19681                      -0.526249
5.20681                      -0.539086
5.21681                      -0.552063
5.22681                      -0.565184
5.23681                      -0.578453
5.24681                      -0.591878
5.25681                      -0.605462
5.26681                      -0.619211
5.27681                      -0.633132
5.28681                      -0.64723
5.29681                      -0.661512
5.30681                      -0.675985
5.31681                      -0.690654
5.32681                      -0.705527
5.33681                      -0.720612
5.34681                      -0.735915
5.35681                      -0.751446
5.36681                      -0.767211
5.37681                      -0.783221
5.38681                      -0.799483
5.39681                      -0.816008
5.40681                      -0.832804
5.41681                      -0.849882
5.42681                      -0.867253
5.43681                      -0.884929
5.44681                      -0.902919
5.45681                      -0.921238
5.46681                      -0.939897
5.47681                      -0.958911
5.48681                      -0.978292
5.49681                      -0.998057
5.50681                      -1.01822
5.51681                      -1.0388
5.52681                      -1.05981
5.53681                      -1.08127
5.54681                      -1.1032
5.55681                      -1.12562
5.56681                      -1.14854
5.57681                      -1.17201
5.58681                      -1.19602
5.59681                      -1.22062
5.60681                      -1.24583
5.61681                      -1.27168
5.62681                      -1.29819
5.63681                      -1.32539
5.64681                      -1.35333
5.65681                      -1.38204
5.66681                      -1.41154
5.67681                      -1.4419
5.68681                      -1.47314
5.69681                      -1.50532
5.70681                      -1.53848
5.71681                      -1.57267
5.72681                      -1.60796
5.73681                      -1.64441
5.74681                      -1.68207
5.75681                      -1.72102
5.76681                      -1.76133
5.77681                      -1.80309
5.78681                      -1.84638
5.79681                      -1.89131
5.80681                      -1.93796
5.81681                      -1.98646
5.82681                      -2.03692
5.83681                      -2.08949
5.84681                      -2.14429
5.85681                      -2.2015
5.86681                      -2.26129
5.87681                      -2.32384
5.88681                      -2.38936
5.89681                      -2.4581
5.90681                      -2.5303
5.91681                      -2.60625
5.92681                      -2.68626
5.93681                      -2.77069
5.94681                      -2.85993
5.95681                      -2.95443
5.96681                      -3.05468
5.97681                      -3.16125
5.98681                      -3.27478
5.99681                      -3.396
6.00681                      -3.52573
6.01681                      -3.66495
6.02681                      -3.81477
6.03681                      -3.97647
6.04681                      -4.15156
6.05681                      -4.34182
6.06681                      -4.54935
6.07681                      -4.77666
6.08681                      -5.02679
6.09681                      -5.30338
6.10681                      -5.61097
6.11681                      -5.95512
6.12681                      -6.34285
6.13681                      -6.78311
6.14681                      -7.28744
6.15681                      -7.87106
6.16681                      -8.55441
6.17681                      -9.36561
6.18681                      -10.3445
6.19681                      -11.5492
6.20681                      -13.0686
6.21681                      -15.0448
6.22681                      -17.7209
6.23681                      -21.5499
6.24681                      -27.4826
6.25681                      -37.9122
6.26681                      -61.0796
6.27681                      -156.969
