-6.28319                      1
-6.27319                      1.00005
-6.26319                      1.0002
-6.25319                      1.00045
-6.24319                      1.0008
-6.23319                      1.00125
-6.22319                      1.0018
-6.21319                      1.00245
-6.20319                      1.00321
-6.19319                      1.00406
-6.18319                      1.00502
-6.17319                      1.00608
-6.16319                      1.00724
-6.15319                      1.00851
-6.14319                      1.00988
-6.13319                      1.01136
-6.12319                      1.01294
-6.11319                      1.01463
-6.10319                      1.01642
-6.09319                      1.01833
-6.08319                      1.02034
-6.07319                      1.02246
-6.06319                      1.0247
-6.05319                      1.02705
-6.04319                      1.02951
-6.03319                      1.03208
-6.02319                      1.03478
-6.01319                      1.03759
-6.00319                      1.04052
-5.99319                      1.04358
-5.98319                      1.04675
-5.97319                      1.05005
-5.96319                      1.05348
-5.95319                      1.05704
-5.94319                      1.06072
-5.93319                      1.06454
-5.92319                      1.06849
-5.91319                      1.07258
-5.90319                      1.07681
-5.89319                      1.08119
-5.88319                      1.0857
-5.87319                      1.09037
-5.86319                      1.09518
-5.85319                      1.10015
-5.84319                      1.10528
-5.83319                      1.11056
-5.82319                      1.11601
-5.81319                      1.12162
-5.80319                      1.1274
-5.79319                      1.13336
-5.78319                      1.13949
-5.77319                      1.14581
-5.76319                      1.15231
-5.75319                      1.15901
-5.74319                      1.1659
-5.73319                      1.17299
-5.72319                      1.18028
-5.71319                      1.18779
-5.70319                      1.19551
-5.69319                      1.20346
-5.68319                      1.21163
-5.67319                      1.22004
-5.66319                      1.22868
-5.65319                      1.23758
-5.64319                      1.24673
-5.63319                      1.25615
-5.62319                      1.26584
-5.61319                      1.2758
-5.60319                      1.28605
-5.59319                      1.2966
-5.58319                      1.30746
-5.57319                      1.31863
-5.56319                      1.33013
-5.55319                      1.34197
-5.54319                      1.35415
-5.53319                      1.3667
-5.52319                      1.37962
-5.51319                      1.39293
-5.50319                      1.40664
-5.49319                      1.42077
-5.48319                      1.43532
-5.47319                      1.45033
-5.46319                      1.4658
-5.45319                      1.48175
-5.44319                      1.49821
-5.43319                      1.51519
-5.42319                      1.53271
-5.41319                      1.5508
-5.40319                      1.56949
-5.39319                      1.58878
-5.38319                      1.60873
-5.37319                      1.62934
-5.36319                      1.65065
-5.35319                      1.67271
-5.34319                      1.69552
-5.33319                      1.71915
-5.32319                      1.74362
-5.31319                      1.76897
-5.30319                      1.79526
-5.29319                      1.82252
-5.28319                      1.85082
-5.27319                      1.88019
-5.26319                      1.91071
-5.25319                      1.94243
-5.24319                      1.97542
-5.23319                      2.00976
-5.22319                      2.04552
-5.21319                      2.08279
-5.20319                      2.12166
-5.19319                      2.16223
-5.18319                      2.2046
-5.17319                      2.2489
-5.16319                      2.29525
-5.15319                      2.34379
-5.14319                      2.39467
-5.13319                      2.44806
-5.12319                      2.50413
-5.11319                      2.56311
-5.10319                      2.62519
-5.09319                      2.69063
-5.08319                      2.7597
-5.07319                      2.83271
-5.06319                      2.90997
-5.05319                      2.99188
-5.04319                      3.07885
-5.03319                      3.17136
-5.02319                      3.26993
-5.01319                      3.37518
-5.00319                      3.48778
-4.99319                      3.60853
-4.98319                      3.73833
-4.97319                      3.87822
-4.96319                      4.02941
-4.95319                      4.19329
-4.94319                      4.37153
-4.93319                      4.56607
-4.92319                      4.77923
-4.91319                      5.01379
-4.90319                      5.27313
-4.89319                      5.56133
-4.88319                      5.88349
-4.87319                      6.24593
-4.86319                      6.65666
-4.85319                      7.12598
-4.84319                      7.66732
-4.83319                      8.29856
-4.82319                      9.04406
-4.81319                      9.93781
-4.80319                      11.0288
-4.79319                      12.3903
-4.78319                      14.1368
-4.77319                      16.4585
-4.76319                      19.6949
-4.75319                      24.5188
-4.74319                      32.4765
-4.73319                      48.0889
-4.72319                      92.6259
-4.71319                      1255.77
-4.70319                      -108.654
-4.69319                      -52.0766
-4.68319                      -34.2471
-4.67319                      -25.5143
-4.66319                      -20.3319
-4.65319                      -16.9007
-4.64319                      -14.4616
-4.63319                      -12.6389
-4.62319                      -11.2252
-4.61319                      -10.0968
-4.60319                      -9.17543
-4.59319                      -8.4089
-4.58319                      -7.76129
-4.57319                      -7.20697
-4.56319                      -6.72718
-4.55319                      -6.30787
-4.54319                      -5.93833
-4.53319                      -5.61022
-4.52319                      -5.31698
-4.51319                      -5.05334
-4.50319                      -4.81508
-4.49319                      -4.59871
-4.48319                      -4.40137
-4.47319                      -4.22067
-4.46319                      -4.05462
-4.45319                      -3.90151
-4.44319                      -3.75991
-4.43319                      -3.62858
-4.42319                      -3.50645
-4.41319                      -3.3926
-4.40319                      -3.28623
-4.39319                      -3.18664
-4.38319                      -3.0932
-4.37319                      -3.00538
-4.36319                      -2.9227
-4.35319                      -2.84472
-4.34319                      -2.77106
-4.33319                      -2.70138
-4.32319                      -2.63538
-4.31319                      -2.57278
-4.30319                      -2.51333
-4.29319                      -2.4568
-4.28319                      -2.403
-4.27319                      -2.35173
-4.26319                      -2.30283
-4.25319                      -2.25614
-4.24319                      -2.21153
-4.23319                      -2.16886
-4.22319                      -2.12801
-4.21319                      -2.08888
-4.20319                      -2.05136
-4.19319                      -2.01536
-4.18319                      -1.9808
-4.17319                      -1.9476
-4.16319                      -1.91568
-4.15319                      -1.88497
-4.14319                      -1.85542
-4.13319                      -1.82696
-4.12319                      -1.79953
-4.11319                      -1.7731
-4.10319                      -1.7476
-4.09319                      -1.72299
-4.08319                      -1.69923
-4.07319                      -1.67629
-4.06319                      -1.65412
-4.05319                      -1.63269
-4.04319                      -1.61196
-4.03319                      -1.59192
-4.02319                      -1.57252
-4.01319                      -1.55374
-4.00319                      -1.53556
-3.99319                      -1.51794
-3.98319                      -1.50088
-3.97319                      -1.48434
-3.96319                      -1.46831
-3.95319                      -1.45276
-3.94319                      -1.43768
-3.93319                      -1.42306
-3.92319                      -1.40886
-3.91319                      -1.39509
-3.90319                      -1.38172
-3.89319                      -1.36873
-3.88319                      -1.35613
-3.87319                      -1.34388
-3.86319                      -1.33199
-3.85319                      -1.32044
-3.84319                      -1.30922
-3.83319                      -1.29831
-3.82319                      -1.28771
-3.81319                      -1.27741
-3.80319                      -1.2674
-3.79319                      -1.25767
-3.78319                      -1.24822
-3.77319                      -1.23902
-3.76319                      -1.23008
-3.75319                      -1.2214
-3.74319                      -1.21295
-3.73319                      -1.20474
-3.72319                      -1.19676
-3.71319                      -1.189
-3.70319                      -1.18146
-3.69319                      -1.17413
-3.68319                      -1.16701
-3.67319                      -1.16009
-3.66319                      -1.15337
-3.65319                      -1.14683
-3.64319                      -1.14049
-3.63319                      -1.13432
-3.62319                      -1.12834
-3.61319                      -1.12253
-3.60319                      -1.11689
-3.59319                      -1.11142
-3.58319                      -1.10611
-3.57319                      -1.10096
-3.56319                      -1.09596
-3.55319                      -1.09113
-3.54319                      -1.08644
-3.53319                      -1.0819
-3.52319                      -1.0775
-3.51319                      -1.07325
-3.50319                      -1.06914
-3.49319                      -1.06516
-3.48319                      -1.06132
-3.47319                      -1.05761
-3.46319                      -1.05404
-3.45319                      -1.05059
-3.44319                      -1.04727
-3.43319                      -1.04407
-3.42319                      -1.041
-3.41319                      -1.03805
-3.40319                      -1.03522
-3.39319                      -1.03251
-3.38319                      -1.02991
-3.37319                      -1.02743
-3.36319                      -1.02506
-3.35319                      -1.02281
-3.34319                      -1.02067
-3.33319                      -1.01864
-3.32319                      -1.01672
-3.31319                      -1.0149
-3.30319                      -1.0132
-3.29319                      -1.0116
-3.28319                      -1.01011
-3.27319                      -1.00872
-3.26319                      -1.00744
-3.25319                      -1.00626
-3.24319                      -1.00518
-3.23319                      -1.00421
-3.22319                      -1.00334
-3.21319                      -1.00257
-3.20319                      -1.0019
-3.19319                      -1.00133
-3.18319                      -1.00087
-3.17319                      -1.0005
-3.16319                      -1.00023
-3.15319                      -1.00007
-3.14319                      -1
-3.13319                      -1.00004
-3.12319                      -1.00017
-3.11319                      -1.0004
-3.10319                      -1.00074
-3.09319                      -1.00117
-3.08319                      -1.00171
-3.07319                      -1.00234
-3.06319                      -1.00308
-3.05319                      -1.00392
-3.04319                      -1.00486
-3.03319                      -1.0059
-3.02319                      -1.00705
-3.01319                      -1.0083
-3.00319                      -1.00966
-2.99319                      -1.01111
-2.98319                      -1.01268
-2.97319                      -1.01435
-2.96319                      -1.01613
-2.95319                      -1.01801
-2.94319                      -1.02001
-2.93319                      -1.02212
-2.92319                      -1.02433
-2.91319                      -1.02666
-2.90319                      -1.02911
-2.89319                      -1.03167
-2.88319                      -1.03434
-2.87319                      -1.03714
-2.86319                      -1.04005
-2.85319                      -1.04308
-2.84319                      -1.04624
-2.83319                      -1.04952
-2.82319                      -1.05292
-2.81319                      -1.05646
-2.80319                      -1.06013
-2.79319                      -1.06392
-2.78319                      -1.06785
-2.77319                      -1.07192
-2.76319                      -1.07613
-2.75319                      -1.08048
-2.74319                      -1.08498
-2.73319                      -1.08962
-2.72319                      -1.09441
-2.71319                      -1.09935
-2.70319                      -1.10445
-2.69319                      -1.10971
-2.68319                      -1.11513
-2.67319                      -1.12071
-2.66319                      -1.12647
-2.65319                      -1.1324
-2.64319                      -1.1385
-2.63319                      -1.14479
-2.62319                      -1.15127
-2.61319                      -1.15793
-2.60319                      -1.16479
-2.59319                      -1.17184
-2.58319                      -1.17911
-2.57319                      -1.18658
-2.56319                      -1.19427
-2.55319                      -1.20217
-2.54319                      -1.21031
-2.53319                      -1.21868
-2.52319                      -1.22729
-2.51319                      -1.23615
-2.50319                      -1.24526
-2.49319                      -1.25463
-2.48319                      -1.26427
-2.47319                      -1.27419
-2.46319                      -1.2844
-2.45319                      -1.2949
-2.44319                      -1.30571
-2.43319                      -1.31683
-2.42319                      -1.32828
-2.41319                      -1.34006
-2.40319                      -1.35219
-2.39319                      -1.36468
-2.38319                      -1.37754
-2.37319                      -1.39078
-2.36319                      -1.40443
-2.35319                      -1.41849
-2.34319                      -1.43298
-2.33319                      -1.44791
-2.32319                      -1.4633
-2.31319                      -1.47918
-2.30319                      -1.49556
-2.29319                      -1.51245
-2.28319                      -1.52989
-2.27319                      -1.54788
-2.26319                      -1.56647
-2.25319                      -1.58567
-2.24319                      -1.60551
-2.23319                      -1.62601
-2.22319                      -1.64721
-2.21319                      -1.66914
-2.20319                      -1.69184
-2.19319                      -1.71533
-2.18319                      -1.73966
-2.17319                      -1.76487
-2.16319                      -1.79101
-2.15319                      -1.81811
-2.14319                      -1.84624
-2.13319                      -1.87544
-2.12319                      -1.90577
-2.11319                      -1.9373
-2.10319                      -1.97008
-2.09319                      -2.0042
-2.08319                      -2.03973
-2.07319                      -2.07675
-2.06319                      -2.11536
-2.05319                      -2.15565
-2.04319                      -2.19773
-2.03319                      -2.24171
-2.02319                      -2.28772
-2.01319                      -2.3359
-2.00319                      -2.3864
-1.99319                      -2.43938
-1.98319                      -2.49501
-1.97319                      -2.55351
-1.96319                      -2.61508
-1.95319                      -2.67997
-1.94319                      -2.74845
-1.93319                      -2.8208
-1.92319                      -2.89737
-1.91319                      -2.97851
-1.90319                      -3.06464
-1.89319                      -3.15623
-1.88319                      -3.2538
-1.87319                      -3.35794
-1.86319                      -3.46932
-1.85319                      -3.58872
-1.84319                      -3.71701
-1.83319                      -3.85522
-1.82319                      -4.00452
-1.81319                      -4.16628
-1.80319                      -4.34211
-1.79319                      -4.53391
-1.78319                      -4.74393
-1.77319                      -4.97487
-1.76319                      -5.23001
-1.75319                      -5.5133
-1.74319                      -5.82967
-1.73319                      -6.1852
-1.72319                      -6.58762
-1.71319                      -7.0468
-1.70319                      -7.57561
-1.69319                      -8.1911
-1.68319                      -8.91643
-1.67319                      -9.78376
-1.66319                      -10.8392
-1.65319                      -12.1513
-1.64319                      -13.8263
-1.63319                      -16.0389
-1.62319                      -19.0967
-1.61319                      -23.5981
-1.60319                      -30.8801
-1.59319                      -44.6686
-1.58319                      -80.719
-1.57319                      -418.589
-1.56319                      131.39
-1.55319                      56.7856
-1.54319                      36.222
-1.53319                      26.5942
-1.52319                      21.0115
-1.51319                      17.3674
-1.50319                      14.8018
-1.49319                      12.8977
-1.48319                      11.4287
-1.47319                      10.261
-1.46319                      9.31069
-1.45319                      8.52224
-1.44319                      7.85762
-1.43319                      7.28985
-1.42319                      6.79923
-1.41319                      6.37108
-1.40319                      5.99422
-1.39319                      5.65999
-1.38319                      5.36157
-1.37319                      5.09353
-1.36319                      4.85148
-1.35319                      4.63183
-1.34319                      4.43163
-1.33319                      4.24842
-1.32319                      4.08016
-1.31319                      3.92509
-1.30319                      3.78174
-1.29319                      3.64885
-1.28319                      3.52532
-1.27319                      3.41021
-1.26319                      3.3027
-1.25319                      3.20207
-1.24319                      3.10769
-1.23319                      3.01901
-1.22319                      2.93554
-1.21319                      2.85684
-1.20319                      2.78251
-1.19319                      2.71223
-1.18319                      2.64566
-1.17319                      2.58253
-1.16319                      2.52259
-1.15319                      2.46562
-1.14319                      2.41139
-1.13319                      2.35973
-1.12319                      2.31047
-1.11319                      2.26344
-1.10319                      2.2185
-1.09319                      2.17553
-1.08319                      2.1344
-1.07319                      2.095
-1.06319                      2.05723
-1.05319                      2.021
-1.04319                      1.98621
-1.03319                      1.9528
-1.02319                      1.92068
-1.01319                      1.88979
-1.00319                      1.86005
-0.993185                      1.83142
-0.983185                      1.80384
-0.973185                      1.77724
-0.963185                      1.7516
-0.953185                      1.72685
-0.943185                      1.70296
-0.933185                      1.67989
-0.923185                      1.6576
-0.913185                      1.63605
-0.903185                      1.61522
-0.893185                      1.59507
-0.883185                      1.57557
-0.873185                      1.55669
-0.863185                      1.53841
-0.853185                      1.52071
-0.843185                      1.50356
-0.833185                      1.48694
-0.823185                      1.47083
-0.813185                      1.45521
-0.803185                      1.44005
-0.793185                      1.42536
-0.783185                      1.41109
-0.773185                      1.39725
-0.763185                      1.38382
-0.753185                      1.37078
-0.743185                      1.35811
-0.733185                      1.34581
-0.723185                      1.33386
-0.713185                      1.32226
-0.703185                      1.31098
-0.693185                      1.30003
-0.683185                      1.28938
-0.673185                      1.27903
-0.663185                      1.26898
-0.653185                      1.2592
-0.643185                      1.2497
-0.633185                      1.24047
-0.623185                      1.23149
-0.613185                      1.22276
-0.603185                      1.21428
-0.593185                      1.20603
-0.583185                      1.19802
-0.573185                      1.19022
-0.563185                      1.18265
-0.553185                      1.17529
-0.543185                      1.16813
-0.533185                      1.16118
-0.523185                      1.15442
-0.513185                      1.14786
-0.503185                      1.14149
-0.493185                      1.13529
-0.483185                      1.12928
-0.473185                      1.12344
-0.463185                      1.11778
-0.453185                      1.11228
-0.443185                      1.10694
-0.433185                      1.10177
-0.423185                      1.09675
-0.413185                      1.09189
-0.403185                      1.08717
-0.393185                      1.08261
-0.383185                      1.07819
-0.373185                      1.07392
-0.363185                      1.06978
-0.353185                      1.06578
-0.343185                      1.06192
-0.333185                      1.05819
-0.323185                      1.0546
-0.313185                      1.05113
-0.303185                      1.04779
-0.293185                      1.04457
-0.283185                      1.04148
-0.273185                      1.03851
-0.263185                      1.03566
-0.253185                      1.03293
-0.243185                      1.03032
-0.233185                      1.02782
-0.223185                      1.02543
-0.213185                      1.02316
-0.203185                      1.021
-0.193185                      1.01895
-0.183185                      1.01702
-0.173185                      1.01519
-0.163185                      1.01346
-0.153185                      1.01185
-0.143185                      1.01034
-0.133185                      1.00894
-0.123185                      1.00764
-0.113185                      1.00644
-0.103185                      1.00535
-0.0931853                      1.00436
-0.0831853                      1.00347
-0.0731853                      1.00268
-0.0631853                      1.002
-0.0531853                      1.00142
-0.0431853                      1.00093
-0.0331853                      1.00055
-0.0231853                      1.00027
-0.0131853                      1.00009
-0.00318531                      1
0.00681469                      1.00002
0.0168147                      1.00014
0.0268147                      1.00036
0.0368147                      1.00068
0.0468147                      1.0011
0.0568147                      1.00162
0.0668147                      1.00224
0.0768147                      1.00296
0.0868147                      1.00378
0.0968147                      1.0047
0.106815                      1.00573
0.116815                      1.00686
0.126815                      1.0081
0.136815                      1.00943
0.146815                      1.01087
0.156815                      1.01242
0.166815                      1.01408
0.176815                      1.01584
0.186815                      1.01771
0.196815                      1.01969
0.206815                      1.02177
0.216815                      1.02397
0.226815                      1.02629
0.236815                      1.02871
0.246815                      1.03125
0.256815                      1.03391
0.266815                      1.03668
0.276815                      1.03958
0.286815                      1.04259
0.296815                      1.04573
0.306815                      1.04899
0.316815                      1.05237
0.326815                      1.05589
0.336815                      1.05953
0.346815                      1.06331
0.356815                      1.06722
0.366815                      1.07127
0.376815                      1.07545
0.386815                      1.07978
0.396815                      1.08425
0.406815                      1.08887
0.416815                      1.09363
0.426815                      1.09855
0.436815                      1.10363
0.446815                      1.10886
0.456815                      1.11425
0.466815                      1.11981
0.476815                      1.12554
0.486815                      1.13144
0.496815                      1.13752
0.506815                      1.14378
0.516815                      1.15022
0.526815                      1.15685
0.536815                      1.16368
0.546815                      1.17071
0.556815                      1.17794
0.566815                      1.18537
0.576815                      1.19303
0.586815                      1.2009
0.596815                      1.209
0.606815                      1.21733
0.616815                      1.2259
0.626815                      1.23472
0.636815                      1.24379
0.646815                      1.25312
0.656815                      1.26272
0.666815                      1.2726
0.676815                      1.28276
0.686815                      1.29321
0.696815                      1.30397
0.706815                      1.31504
0.716815                      1.32643
0.726815                      1.33816
0.736815                      1.35023
0.746815                      1.36266
0.756815                      1.37547
0.766815                      1.38865
0.776815                      1.40223
0.786815                      1.41622
0.796815                      1.43064
0.806815                      1.4455
0.816815                      1.46082
0.826815                      1.47662
0.836815                      1.49291
0.846815                      1.50972
0.856815                      1.52707
0.866815                      1.54498
0.876815                      1.56347
0.886815                      1.58257
0.896815                      1.6023
0.906815                      1.6227
0.916815                      1.64379
0.926815                      1.6656
0.936815                      1.68817
0.946815                      1.71153
0.956815                      1.73573
0.966815                      1.7608
0.976815                      1.78678
0.986815                      1.81373
0.996815                      1.84169
1.00681                      1.87071
1.01681                      1.90086
1.02681                      1.93219
1.03681                      1.96477
1.04681                      1.99867
1.05681                      2.03397
1.06681                      2.07075
1.07681                      2.1091
1.08681                      2.14912
1.09681                      2.1909
1.10681                      2.23458
1.11681                      2.28026
1.12681                      2.32808
1.13681                      2.3782
1.14681                      2.43077
1.15681                      2.48597
1.16681                      2.54399
1.17681                      2.60506
1.18681                      2.66941
1.19681                      2.73729
1.20681                      2.80901
1.21681                      2.88488
1.22681                      2.96526
1.23681                      3.05057
1.24681                      3.14126
1.25681                      3.23784
1.26681                      3.34089
1.27681                      3.45107
1.28681                      3.56913
1.29681                      3.69595
1.30681                      3.8325
1.31681                      3.97994
1.32681                      4.13962
1.33681                      4.31309
1.34681                      4.5022
1.35681                      4.70915
1.36681                      4.93656
1.37681                      5.1876
1.38681                      5.46611
1.39681                      5.77683
1.40681                      6.12566
1.41681                      6.52002
1.42681                      6.96938
1.43681                      7.48609
1.44681                      8.08641
1.45681                      8.79237
1.46681                      9.63443
1.47681                      10.6561
1.48681                      11.9214
1.49681                      13.5292
1.50681                      15.6402
1.51681                      18.5338
1.52681                      22.7441
1.53681                      29.4333
1.54681                      41.7026
1.55681                      71.5247
1.56681                      251.154
1.57681                      -166.159
1.58681                      -62.431
1.59681                      -38.4387
1.60681                      -27.7696
1.61681                      -21.7381
1.62681                      -17.8606
1.63681                      -15.1583
1.64681                      -13.1674
1.65681                      -11.6398
1.66681                      -10.4307
1.67681                      -9.45002
1.68681                      -8.63869
1.69681                      -7.95639
1.70681                      -7.37467
1.71681                      -6.87285
1.72681                      -6.43558
1.73681                      -6.05119
1.74681                      -5.71067
1.75681                      -5.40694
1.76681                      -5.13438
1.77681                      -4.88844
1.78681                      -4.66544
1.79681                      -4.46231
1.80681                      -4.27655
1.81681                      -4.10603
1.82681                      -3.94897
1.83681                      -3.80384
1.84681                      -3.66936
1.85681                      -3.54441
1.86681                      -3.42801
1.87681                      -3.31934
1.88681                      -3.21766
1.89681                      -3.12233
1.90681                      -3.03278
1.91681                      -2.94851
1.92681                      -2.86907
1.93681                      -2.79407
1.94681                      -2.72316
1.95681                      -2.65602
1.96681                      -2.59237
1.97681                      -2.53194
1.98681                      -2.4745
1.99681                      -2.41985
2.00681                      -2.3678
2.01681                      -2.31816
2.02681                      -2.27078
2.03681                      -2.22552
2.04681                      -2.18224
2.05681                      -2.14083
2.06681                      -2.10116
2.07681                      -2.06314
2.08681                      -2.02667
2.09681                      -1.99166
2.10681                      -1.95803
2.11681                      -1.92571
2.12681                      -1.89463
2.13681                      -1.86471
2.14681                      -1.83591
2.15681                      -1.80816
2.16681                      -1.78141
2.17681                      -1.75562
2.18681                      -1.73073
2.19681                      -1.70671
2.20681                      -1.68351
2.21681                      -1.6611
2.22681                      -1.63943
2.23681                      -1.61849
2.24681                      -1.59823
2.25681                      -1.57863
2.26681                      -1.55966
2.27681                      -1.54129
2.28681                      -1.52349
2.29681                      -1.50626
2.30681                      -1.48955
2.31681                      -1.47336
2.32681                      -1.45766
2.33681                      -1.44244
2.34681                      -1.42767
2.35681                      -1.41334
2.36681                      -1.39943
2.37681                      -1.38593
2.38681                      -1.37283
2.39681                      -1.3601
2.40681                      -1.34775
2.41681                      -1.33574
2.42681                      -1.32408
2.43681                      -1.31276
2.44681                      -1.30175
2.45681                      -1.29106
2.46681                      -1.28066
2.47681                      -1.27056
2.48681                      -1.26074
2.49681                      -1.2512
2.50681                      -1.24192
2.51681                      -1.2329
2.52681                      -1.22414
2.53681                      -1.21562
2.54681                      -1.20733
2.55681                      -1.19928
2.56681                      -1.19145
2.57681                      -1.18384
2.58681                      -1.17645
2.59681                      -1.16926
2.60681                      -1.16227
2.61681                      -1.15549
2.62681                      -1.14889
2.63681                      -1.14249
2.64681                      -1.13627
2.65681                      -1.13023
2.66681                      -1.12436
2.67681                      -1.11867
2.68681                      -1.11314
2.69681                      -1.10778
2.70681                      -1.10258
2.71681                      -1.09754
2.72681                      -1.09265
2.73681                      -1.08791
2.74681                      -1.08333
2.75681                      -1.07889
2.76681                      -1.07459
2.77681                      -1.07043
2.78681                      -1.06641
2.79681                      -1.06253
2.80681                      -1.05878
2.81681                      -1.05516
2.82681                      -1.05167
2.83681                      -1.04831
2.84681                      -1.04508
2.85681                      -1.04197
2.86681                      -1.03898
2.87681                      -1.03611
2.88681                      -1.03336
2.89681                      -1.03072
2.90681                      -1.02821
2.91681                      -1.02581
2.92681                      -1.02352
2.93681                      -1.02134
2.94681                      -1.01927
2.95681                      -1.01732
2.96681                      -1.01547
2.97681                      -1.01373
2.98681                      -1.0121
2.99681                      -1.01057
3.00681                      -1.00915
3.01681                      -1.00784
3.02681                      -1.00662
3.03681                      -1.00551
3.04681                      -1.00451
3.05681                      -1.0036
3.06681                      -1.0028
3.07681                      -1.0021
3.08681                      -1.0015
3.09681                      -1.001
3.10681                      -1.0006
3.11681                      -1.00031
3.12681                      -1.00011
3.13681                      -1.00001
3.14681                      -1.00001
3.15681                      -1.00012
3.16681                      -1.00032
3.17681                      -1.00062
3.18681                      -1.00102
3.19681                      -1.00153
3.20681                      -1.00213
3.21681                      -1.00284
3.22681                      -1.00364
3.23681                      -1.00455
3.24681                      -1.00556
3.25681                      -1.00667
3.26681                      -1.00789
3.27681                      -1.00921
3.28681                      -1.01064
3.29681                      -1.01217
3.30681                      -1.01381
3.31681                      -1.01555
3.32681                      -1.0174
3.33681                      -1.01936
3.34681                      -1.02143
3.35681                      -1.02362
3.36681                      -1.02591
3.37681                      -1.02832
3.38681                      -1.03084
3.39681                      -1.03348
3.40681                      -1.03623
3.41681                      -1.03911
3.42681                      -1.0421
3.43681                      -1.04522
3.44681                      -1.04846
3.45681                      -1.05183
3.46681                      -1.05532
3.47681                      -1.05894
3.48681                      -1.0627
3.49681                      -1.06659
3.50681                      -1.07061
3.51681                      -1.07478
3.52681                      -1.07908
3.53681                      -1.08353
3.54681                      -1.08812
3.55681                      -1.09286
3.56681                      -1.09776
3.57681                      -1.10281
3.58681                      -1.10801
3.59681                      -1.11338
3.60681                      -1.11892
3.61681                      -1.12462
3.62681                      -1.13049
3.63681                      -1.13654
3.64681                      -1.14277
3.65681                      -1.14918
3.66681                      -1.15579
3.67681                      -1.16258
3.68681                      -1.16957
3.69681                      -1.17677
3.70681                      -1.18418
3.71681                      -1.19179
3.72681                      -1.19963
3.73681                      -1.20769
3.74681                      -1.21599
3.75681                      -1.22452
3.76681                      -1.2333
3.77681                      -1.24233
3.78681                      -1.25162
3.79681                      -1.26117
3.80681                      -1.271
3.81681                      -1.28112
3.82681                      -1.29152
3.83681                      -1.30223
3.84681                      -1.31325
3.85681                      -1.3246
3.86681                      -1.33627
3.87681                      -1.34829
3.88681                      -1.36066
3.89681                      -1.3734
3.90681                      -1.38652
3.91681                      -1.40004
3.92681                      -1.41396
3.93681                      -1.42831
3.94681                      -1.4431
3.95681                      -1.45835
3.96681                      -1.47407
3.97681                      -1.49028
3.98681                      -1.50701
3.99681                      -1.52427
4.00681                      -1.54209
4.01681                      -1.56048
4.02681                      -1.57949
4.03681                      -1.59912
4.04681                      -1.6194
4.05681                      -1.64038
4.06681                      -1.66208
4.07681                      -1.68452
4.08681                      -1.70776
4.09681                      -1.73182
4.10681                      -1.75675
4.11681                      -1.78258
4.12681                      -1.80937
4.13681                      -1.83717
4.14681                      -1.86602
4.15681                      -1.89598
4.16681                      -1.92712
4.17681                      -1.9595
4.18681                      -1.99318
4.19681                      -2.02826
4.20681                      -2.06479
4.21681                      -2.10289
4.22681                      -2.14263
4.23681                      -2.18413
4.24681                      -2.22749
4.25681                      -2.27284
4.26681                      -2.32031
4.27681                      -2.37005
4.28681                      -2.42222
4.29681                      -2.47699
4.30681                      -2.53456
4.31681                      -2.59512
4.32681                      -2.65893
4.33681                      -2.72623
4.34681                      -2.79731
4.35681                      -2.8725
4.36681                      -2.95214
4.37681                      -3.03664
4.38681                      -3.12644
4.39681                      -3.22204
4.40681                      -3.32402
4.41681                      -3.43301
4.42681                      -3.54977
4.43681                      -3.67512
4.44681                      -3.81005
4.45681                      -3.95568
4.46681                      -4.11331
4.47681                      -4.28446
4.48681                      -4.47095
4.49681                      -4.6749
4.50681                      -4.89885
4.51681                      -5.14589
4.52681                      -5.41973
4.53681                      -5.72496
4.54681                      -6.06727
4.55681                      -6.4538
4.56681                      -6.89367
4.57681                      -7.39867
4.58681                      -7.98438
4.59681                      -8.67174
4.60681                      -9.48962
4.61681                      -10.479
4.62681                      -11.7
4.63681                      -13.2446
4.64681                      -15.2608
4.65681                      -18.0032
4.66681                      -21.9498
4.67681                      -28.1161
4.68681                      -39.106
4.69681                      -64.211
4.70681                      -179.396
4.71681                      225.953
4.72681                      69.3231
4.73681                      40.9445
4.74681                      29.0538
4.75681                      22.5169
4.76681                      18.3827
4.77681                      15.5325
4.78681                      13.4486
4.79681                      11.8588
4.80681                      10.6061
4.81681                      9.59361
4.82681                      8.75839
4.83681                      8.0577
4.84681                      7.4615
4.85681                      6.9481
4.86681                      6.50141
4.87681                      6.10926
4.88681                      5.76227
4.89681                      5.4531
4.90681                      5.1759
4.91681                      4.92599
4.92681                      4.69955
4.93681                      4.49344
4.94681                      4.30507
4.95681                      4.13225
4.96681                      3.97315
4.97681                      3.82621
4.98681                      3.69012
4.99681                      3.56371
5.00681                      3.44601
5.01681                      3.33616
5.02681                      3.23342
5.03681                      3.13711
5.04681                      3.04667
5.05681                      2.96159
5.06681                      2.88141
5.07681                      2.80574
5.08681                      2.7342
5.09681                      2.66648
5.10681                      2.60228
5.11681                      2.54135
5.12681                      2.48346
5.13681                      2.42838
5.14681                      2.37592
5.15681                      2.32591
5.16681                      2.27818
5.17681                      2.23259
5.18681                      2.18901
5.19681                      2.1473
5.20681                      2.10736
5.21681                      2.06909
5.22681                      2.03238
5.23681                      1.99714
5.24681                      1.9633
5.25681                      1.93077
5.26681                      1.8995
5.27681                      1.8694
5.28681                      1.84042
5.29681                      1.81251
5.30681                      1.78561
5.31681                      1.75967
5.32681                      1.73464
5.33681                      1.71048
5.34681                      1.68715
5.35681                      1.66462
5.36681                      1.64284
5.37681                      1.62178
5.38681                      1.60141
5.39681                      1.58171
5.40681                      1.56264
5.41681                      1.54417
5.42681                      1.52629
5.43681                      1.50897
5.44681                      1.49218
5.45681                      1.47591
5.46681                      1.46013
5.47681                      1.44483
5.48681                      1.42999
5.49681                      1.41559
5.50681                      1.40162
5.51681                      1.38806
5.52681                      1.37489
5.53681                      1.3621
5.54681                      1.34969
5.55681                      1.33763
5.56681                      1.32592
5.57681                      1.31454
5.58681                      1.30348
5.59681                      1.29274
5.60681                      1.2823
5.61681                      1.27215
5.62681                      1.26229
5.63681                      1.2527
5.64681                      1.24338
5.65681                      1.23432
5.66681                      1.22552
5.67681                      1.21696
5.68681                      1.20864
5.69681                      1.20055
5.70681                      1.19268
5.71681                      1.18504
5.72681                      1.17761
5.73681                      1.17039
5.74681                      1.16337
5.75681                      1.15656
5.76681                      1.14993
5.77681                      1.1435
5.78681                      1.13725
5.79681                      1.13118
5.80681                      1.12528
5.81681                      1.11956
5.82681                      1.11401
5.83681                      1.10862
5.84681                      1.1034
5.85681                      1.09833
5.86681                      1.09342
5.87681                      1.08866
5.88681                      1.08405
5.89681                      1.07958
5.90681                      1.07526
5.91681                      1.07108
5.92681                      1.06704
5.93681                      1.06314
5.94681                      1.05937
5.95681                      1.05573
5.96681                      1.05222
5.97681                      1.04884
5.98681                      1.04558
5.99681                      1.04245
6.00681                      1.03944
6.01681                      1.03656
6.02681                      1.03379
6.03681                      1.03114
6.04681                      1.0286
6.05681                      1.02618
6.06681                      1.02387
6.07681                      1.02168
6.08681                      1.0196
6.09681                      1.01762
6.10681                      1.01576
6.11681                      1.014
6.12681                      1.01235
6.13681                      1.01081
6.14681                      1.00937
6.15681                      1.00804
6.16681                      1.00681
6.17681                      1.00568
6.18681                      1.00466
6.19681                      1.00374
6.20681                      1.00292
6.21681                      1.00221
6.22681                      1.00159
6.23681                      1.00108
6.24681                      1.00066
6.25681                      1.00035
6.26681                      1.00013
6.27681                      1.00002
