-6.28319                      0
-6.27319                      0.00999983
-6.26319                      0.0199987
-6.25319                      0.0299955
-6.24319                      0.0399893
-6.23319                      0.0499792
-6.22319                      0.059964
-6.21319                      0.0699429
-6.20319                      0.0799147
-6.19319                      0.0898786
-6.18319                      0.0998334
-6.17319                      0.109778
-6.16319                      0.119712
-6.15319                      0.129634
-6.14319                      0.139543
-6.13319                      0.149438
-6.12319                      0.159318
-6.11319                      0.169182
-6.10319                      0.17903
-6.09319                      0.188859
-6.08319                      0.198669
-6.07319                      0.20846
-6.06319                      0.21823
-6.05319                      0.227978
-6.04319                      0.237703
-6.03319                      0.247404
-6.02319                      0.257081
-6.01319                      0.266731
-6.00319                      0.276356
-5.99319                      0.285952
-5.98319                      0.29552
-5.97319                      0.305059
-5.96319                      0.314567
-5.95319                      0.324043
-5.94319                      0.333487
-5.93319                      0.342898
-5.92319                      0.352274
-5.91319                      0.361615
-5.90319                      0.37092
-5.89319                      0.380188
-5.88319                      0.389418
-5.87319                      0.398609
-5.86319                      0.40776
-5.85319                      0.416871
-5.84319                      0.425939
-5.83319                      0.434966
-5.82319                      0.443948
-5.81319                      0.452886
-5.80319                      0.461779
-5.79319                      0.470626
-5.78319                      0.479426
-5.77319                      0.488177
-5.76319                      0.49688
-5.75319                      0.505533
-5.74319                      0.514136
-5.73319                      0.522687
-5.72319                      0.531186
-5.71319                      0.539632
-5.70319                      0.548024
-5.69319                      0.556361
-5.68319                      0.564643
-5.67319                      0.572868
-5.66319                      0.581035
-5.65319                      0.589145
-5.64319                      0.597195
-5.63319                      0.605186
-5.62319                      0.613117
-5.61319                      0.620986
-5.60319                      0.628793
-5.59319                      0.636537
-5.58319                      0.644218
-5.57319                      0.651834
-5.56319                      0.659385
-5.55319                      0.66687
-5.54319                      0.674288
-5.53319                      0.681639
-5.52319                      0.688922
-5.51319                      0.696135
-5.50319                      0.703279
-5.49319                      0.710353
-5.48319                      0.717356
-5.47319                      0.724287
-5.46319                      0.731146
-5.45319                      0.737931
-5.44319                      0.744643
-5.43319                      0.75128
-5.42319                      0.757843
-5.41319                      0.764329
-5.40319                      0.770739
-5.39319                      0.777072
-5.38319                      0.783327
-5.37319                      0.789504
-5.36319                      0.795602
-5.35319                      0.80162
-5.34319                      0.807558
-5.33319                      0.813416
-5.32319                      0.819192
-5.31319                      0.824886
-5.30319                      0.830497
-5.29319                      0.836026
-5.28319                      0.841471
-5.27319                      0.846832
-5.26319                      0.852108
-5.25319                      0.857299
-5.24319                      0.862404
-5.23319                      0.867423
-5.22319                      0.872356
-5.21319                      0.877201
-5.20319                      0.881958
-5.19319                      0.886627
-5.18319                      0.891207
-5.17319                      0.895699
-5.16319                      0.900101
-5.15319                      0.904412
-5.14319                      0.908634
-5.13319                      0.912764
-5.12319                      0.916803
-5.11319                      0.920751
-5.10319                      0.924606
-5.09319                      0.928369
-5.08319                      0.932039
-5.07319                      0.935616
-5.06319                      0.939099
-5.05319                      0.942489
-5.04319                      0.945784
-5.03319                      0.948985
-5.02319                      0.95209
-5.01319                      0.955101
-5.00319                      0.958016
-4.99319                      0.960835
-4.98319                      0.963558
-4.97319                      0.966185
-4.96319                      0.968715
-4.95319                      0.971148
-4.94319                      0.973485
-4.93319                      0.975723
-4.92319                      0.977865
-4.91319                      0.979908
-4.90319                      0.981854
-4.89319                      0.983701
-4.88319                      0.98545
-4.87319                      0.9871
-4.86319                      0.988652
-4.85319                      0.990105
-4.84319                      0.991458
-4.83319                      0.992713
-4.82319                      0.993868
-4.81319                      0.994924
-4.80319                      0.995881
-4.79319                      0.996738
-4.78319                      0.997495
-4.77319                      0.998153
-4.76319                      0.99871
-4.75319                      0.999168
-4.74319                      0.999526
-4.73319                      0.999784
-4.72319                      0.999942
-4.71319                      1
-4.70319                      0.999958
-4.69319                      0.999816
-4.68319                      0.999574
-4.67319                      0.999232
-4.66319                      0.99879
-4.65319                      0.998248
-4.64319                      0.997606
-4.63319                      0.996865
-4.62319                      0.996024
-4.61319                      0.995083
-4.60319                      0.994043
-4.59319                      0.992904
-4.58319                      0.991665
-4.57319                      0.990327
-4.56319                      0.98889
-4.55319                      0.987354
-4.54319                      0.985719
-4.53319                      0.983986
-4.52319                      0.982154
-4.51319                      0.980225
-4.50319                      0.978197
-4.49319                      0.976071
-4.48319                      0.973848
-4.47319                      0.971527
-4.46319                      0.969109
-4.45319                      0.966594
-4.44319                      0.963983
-4.43319                      0.961275
-4.42319                      0.958471
-4.41319                      0.955572
-4.40319                      0.952576
-4.39319                      0.949486
-4.38319                      0.9463
-4.37319                      0.94302
-4.36319                      0.939646
-4.35319                      0.936177
-4.34319                      0.932615
-4.33319                      0.92896
-4.32319                      0.925212
-4.31319                      0.921371
-4.30319                      0.917438
-4.29319                      0.913413
-4.28319                      0.909298
-4.27319                      0.905091
-4.26319                      0.900793
-4.25319                      0.896406
-4.24319                      0.891929
-4.23319                      0.887362
-4.22319                      0.882707
-4.21319                      0.877964
-4.20319                      0.873133
-4.19319                      0.868215
-4.18319                      0.863209
-4.17319                      0.858118
-4.16319                      0.852941
-4.15319                      0.847678
-4.14319                      0.84233
-4.13319                      0.836899
-4.12319                      0.831384
-4.11319                      0.825785
-4.10319                      0.820104
-4.09319                      0.814341
-4.08319                      0.808496
-4.07319                      0.802571
-4.06319                      0.796566
-4.05319                      0.79048
-4.04319                      0.784316
-4.03319                      0.778073
-4.02319                      0.771753
-4.01319                      0.765355
-4.00319                      0.758881
-3.99319                      0.752331
-3.98319                      0.745705
-3.97319                      0.739005
-3.96319                      0.732232
-3.95319                      0.725384
-3.94319                      0.718465
-3.93319                      0.711473
-3.92319                      0.704411
-3.91319                      0.697278
-3.90319                      0.690075
-3.89319                      0.682803
-3.88319                      0.675463
-3.87319                      0.668056
-3.86319                      0.660581
-3.85319                      0.653041
-3.84319                      0.645435
-3.83319                      0.637765
-3.82319                      0.630031
-3.81319                      0.622234
-3.80319                      0.614374
-3.79319                      0.606454
-3.78319                      0.598472
-3.77319                      0.590431
-3.76319                      0.582331
-3.75319                      0.574172
-3.74319                      0.565956
-3.73319                      0.557684
-3.72319                      0.549355
-3.71319                      0.540972
-3.70319                      0.532535
-3.69319                      0.524044
-3.68319                      0.515501
-3.67319                      0.506907
-3.66319                      0.498262
-3.65319                      0.489567
-3.64319                      0.480823
-3.63319                      0.472031
-3.62319                      0.463191
-3.61319                      0.454306
-3.60319                      0.445375
-3.59319                      0.436399
-3.58319                      0.42738
-3.57319                      0.418318
-3.56319                      0.409214
-3.55319                      0.40007
-3.54319                      0.390885
-3.53319                      0.381661
-3.52319                      0.372399
-3.51319                      0.3631
-3.50319                      0.353764
-3.49319                      0.344393
-3.48319                      0.334988
-3.47319                      0.325549
-3.46319                      0.316078
-3.45319                      0.306575
-3.44319                      0.297041
-3.43319                      0.287478
-3.42319                      0.277886
-3.41319                      0.268266
-3.40319                      0.258619
-3.39319                      0.248947
-3.38319                      0.239249
-3.37319                      0.229528
-3.36319                      0.219784
-3.35319                      0.210017
-3.34319                      0.20023
-3.33319                      0.190423
-3.32319                      0.180596
-3.31319                      0.170752
-3.30319                      0.16089
-3.29319                      0.151013
-3.28319                      0.14112
-3.27319                      0.131213
-3.26319                      0.121293
-3.25319                      0.111361
-3.24319                      0.101418
-3.23319                      0.0914646
-3.22319                      0.0815022
-3.21319                      0.0715315
-3.20319                      0.0615537
-3.19319                      0.0515698
-3.18319                      0.0415807
-3.17319                      0.0315874
-3.16319                      0.021591
-3.15319                      0.0115924
-3.14319                      0.00159265
-3.13319                      -0.00840725
-3.12319                      -0.0184063
-3.11319                      -0.0284035
-3.10319                      -0.0383979
-3.09319                      -0.0483884
-3.08319                      -0.0583741
-3.07319                      -0.068354
-3.06319                      -0.078327
-3.05319                      -0.0882922
-3.04319                      -0.0982486
-3.03319                      -0.108195
-3.02319                      -0.118131
-3.01319                      -0.128055
-3.00319                      -0.137966
-2.99319                      -0.147863
-2.98319                      -0.157746
-2.97319                      -0.167612
-2.96319                      -0.177462
-2.95319                      -0.187295
-2.94319                      -0.197108
-2.93319                      -0.206902
-2.92319                      -0.216675
-2.91319                      -0.226427
-2.90319                      -0.236155
-2.89319                      -0.245861
-2.88319                      -0.255541
-2.87319                      -0.265196
-2.86319                      -0.274825
-2.85319                      -0.284426
-2.84319                      -0.293998
-2.83319                      -0.303542
-2.82319                      -0.313054
-2.81319                      -0.322536
-2.80319                      -0.331985
-2.79319                      -0.341401
-2.78319                      -0.350783
-2.77319                      -0.36013
-2.76319                      -0.369441
-2.75319                      -0.378715
-2.74319                      -0.387951
-2.73319                      -0.397148
-2.72319                      -0.406306
-2.71319                      -0.415423
-2.70319                      -0.424498
-2.69319                      -0.433531
-2.68319                      -0.44252
-2.67319                      -0.451466
-2.66319                      -0.460366
-2.65319                      -0.46922
-2.64319                      -0.478027
-2.63319                      -0.486787
-2.62319                      -0.495497
-2.61319                      -0.504159
-2.60319                      -0.512769
-2.59319                      -0.521329
-2.58319                      -0.529836
-2.57319                      -0.538291
-2.56319                      -0.546691
-2.55319                      -0.555037
-2.54319                      -0.563327
-2.53319                      -0.571561
-2.52319                      -0.579738
-2.51319                      -0.587857
-2.50319                      -0.595917
-2.49319                      -0.603918
-2.48319                      -0.611858
-2.47319                      -0.619737
-2.46319                      -0.627554
-2.45319                      -0.635308
-2.44319                      -0.642999
-2.43319                      -0.650625
-2.42319                      -0.658187
-2.41319                      -0.665682
-2.40319                      -0.673111
-2.39319                      -0.680473
-2.38319                      -0.687766
-2.37319                      -0.694991
-2.36319                      -0.702146
-2.35319                      -0.709231
-2.34319                      -0.716246
-2.33319                      -0.723188
-2.32319                      -0.730058
-2.31319                      -0.736856
-2.30319                      -0.743579
-2.29319                      -0.750228
-2.28319                      -0.756803
-2.27319                      -0.763301
-2.26319                      -0.769723
-2.25319                      -0.776068
-2.24319                      -0.782336
-2.23319                      -0.788525
-2.22319                      -0.794636
-2.21319                      -0.800667
-2.20319                      -0.806618
-2.19319                      -0.812488
-2.18319                      -0.818277
-2.17319                      -0.823984
-2.16319                      -0.829609
-2.15319                      -0.835151
-2.14319                      -0.840609
-2.13319                      -0.845984
-2.12319                      -0.851273
-2.11319                      -0.856478
-2.10319                      -0.861597
-2.09319                      -0.86663
-2.08319                      -0.871576
-2.07319                      -0.876435
-2.06319                      -0.881206
-2.05319                      -0.885889
-2.04319                      -0.890484
-2.03319                      -0.894989
-2.02319                      -0.899405
-2.01319                      -0.903732
-2.00319                      -0.907967
-1.99319                      -0.912112
-1.98319                      -0.916166
-1.97319                      -0.920128
-1.96319                      -0.923998
-1.95319                      -0.927776
-1.94319                      -0.931461
-1.93319                      -0.935053
-1.92319                      -0.938551
-1.91319                      -0.941955
-1.90319                      -0.945266
-1.89319                      -0.948481
-1.88319                      -0.951602
-1.87319                      -0.954628
-1.86319                      -0.957558
-1.85319                      -0.960393
-1.84319                      -0.963131
-1.83319                      -0.965773
-1.82319                      -0.968319
-1.81319                      -0.970767
-1.80319                      -0.973119
-1.79319                      -0.975373
-1.78319                      -0.97753
-1.77319                      -0.979589
-1.76319                      -0.98155
-1.75319                      -0.983413
-1.74319                      -0.985178
-1.73319                      -0.986844
-1.72319                      -0.988411
-1.71319                      -0.98988
-1.70319                      -0.991249
-1.69319                      -0.99252
-1.68319                      -0.993691
-1.67319                      -0.994763
-1.66319                      -0.995735
-1.65319                      -0.996608
-1.64319                      -0.997381
-1.63319                      -0.998055
-1.62319                      -0.998628
-1.61319                      -0.999102
-1.60319                      -0.999476
-1.59319                      -0.999749
-1.58319                      -0.999923
-1.57319                      -0.999997
-1.56319                      -0.999971
-1.55319                      -0.999845
-1.54319                      -0.999619
-1.53319                      -0.999293
-1.52319                      -0.998867
-1.51319                      -0.998341
-1.50319                      -0.997715
-1.49319                      -0.99699
-1.48319                      -0.996165
-1.47319                      -0.99524
-1.46319                      -0.994216
-1.45319                      -0.993092
-1.44319                      -0.991869
-1.43319                      -0.990547
-1.42319                      -0.989125
-1.41319                      -0.987605
-1.40319                      -0.985986
-1.39319                      -0.984269
-1.38319                      -0.982453
-1.37319                      -0.980538
-1.36319                      -0.978526
-1.35319                      -0.976416
-1.34319                      -0.974208
-1.33319                      -0.971903
-1.32319                      -0.969501
-1.31319                      -0.967001
-1.30319                      -0.964405
-1.29319                      -0.961713
-1.28319                      -0.958924
-1.27319                      -0.95604
-1.26319                      -0.95306
-1.25319                      -0.949984
-1.24319                      -0.946814
-1.23319                      -0.943549
-1.22319                      -0.940189
-1.21319                      -0.936736
-1.20319                      -0.933189
-1.19319                      -0.929548
-1.18319                      -0.925815
-1.17319                      -0.921989
-1.16319                      -0.918071
-1.15319                      -0.914061
-1.14319                      -0.909959
-1.13319                      -0.905767
-1.12319                      -0.901484
-1.11319                      -0.897111
-1.10319                      -0.892648
-1.09319                      -0.888096
-1.08319                      -0.883455
-1.07319                      -0.878725
-1.06319                      -0.873908
-1.05319                      -0.869004
-1.04319                      -0.864012
-1.03319                      -0.858935
-1.02319                      -0.853771
-1.01319                      -0.848522
-1.00319                      -0.843188
-0.993185                      -0.83777
-0.983185                      -0.832268
-0.973185                      -0.826682
-0.963185                      -0.821014
-0.953185                      -0.815264
-0.943185                      -0.809433
-0.933185                      -0.80352
-0.923185                      -0.797527
-0.913185                      -0.791455
-0.903185                      -0.785303
-0.893185                      -0.779073
-0.883185                      -0.772765
-0.873185                      -0.766379
-0.863185                      -0.759917
-0.853185                      -0.753379
-0.843185                      -0.746765
-0.833185                      -0.740077
-0.823185                      -0.733315
-0.813185                      -0.72648
-0.803185                      -0.719572
-0.793185                      -0.712592
-0.783185                      -0.70554
-0.773185                      -0.698419
-0.763185                      -0.691227
-0.753185                      -0.683966
-0.743185                      -0.676637
-0.733185                      -0.66924
-0.723185                      -0.661776
-0.713185                      -0.654246
-0.703185                      -0.646651
-0.693185                      -0.638991
-0.683185                      -0.631267
-0.673185                      -0.62348
-0.663185                      -0.61563
-0.653185                      -0.607719
-0.643185                      -0.599747
-0.633185                      -0.591716
-0.623185                      -0.583625
-0.613185                      -0.575475
-0.603185                      -0.567269
-0.593185                      -0.559005
-0.583185                      -0.550686
-0.573185                      -0.542311
-0.563185                      -0.533882
-0.553185                      -0.5254
-0.543185                      -0.516865
-0.533185                      -0.508279
-0.523185                      -0.499642
-0.513185                      -0.490955
-0.503185                      -0.482219
-0.493185                      -0.473434
-0.483185                      -0.464602
-0.473185                      -0.455724
-0.463185                      -0.4468
-0.453185                      -0.437832
-0.443185                      -0.428819
-0.433185                      -0.419764
-0.423185                      -0.410667
-0.413185                      -0.401529
-0.403185                      -0.39235
-0.393185                      -0.383133
-0.383185                      -0.373877
-0.373185                      -0.364583
-0.363185                      -0.355254
-0.353185                      -0.345888
-0.343185                      -0.336488
-0.333185                      -0.327055
-0.323185                      -0.317589
-0.313185                      -0.308091
-0.303185                      -0.298562
-0.293185                      -0.289003
-0.283185                      -0.279416
-0.273185                      -0.2698
-0.263185                      -0.260158
-0.253185                      -0.250489
-0.243185                      -0.240795
-0.233185                      -0.231078
-0.223185                      -0.221337
-0.213185                      -0.211574
-0.203185                      -0.20179
-0.193185                      -0.191986
-0.183185                      -0.182163
-0.173185                      -0.172321
-0.163185                      -0.162462
-0.153185                      -0.152587
-0.143185                      -0.142697
-0.133185                      -0.132792
-0.123185                      -0.122874
-0.113185                      -0.112944
-0.103185                      -0.103002
-0.0931853                      -0.0930505
-0.0831853                      -0.0830894
-0.0731853                      -0.07312
-0.0631853                      -0.0631433
-0.0531853                      -0.0531602
-0.0431853                      -0.0431719
-0.0331853                      -0.0331792
-0.0231853                      -0.0231832
-0.0131853                      -0.0131849
-0.00318531                      -0.0031853
0.00681469                      0.00681464
0.0168147                      0.0168139
0.0268147                      0.0268115
0.0368147                      0.0368064
0.0468147                      0.0467976
0.0568147                      0.0567841
0.0668147                      0.066765
0.0768147                      0.0767392
0.0868147                      0.0867057
0.0968147                      0.0966635
0.106815                      0.106612
0.116815                      0.116549
0.126815                      0.126475
0.136815                      0.136388
0.146815                      0.146288
0.156815                      0.156173
0.166815                      0.166042
0.176815                      0.175895
0.186815                      0.18573
0.196815                      0.195547
0.206815                      0.205344
0.216815                      0.21512
0.226815                      0.224875
0.236815                      0.234607
0.246815                      0.244316
0.256815                      0.254001
0.266815                      0.26366
0.276815                      0.273293
0.286815                      0.282899
0.296815                      0.292476
0.306815                      0.302024
0.316815                      0.311541
0.326815                      0.321028
0.336815                      0.330482
0.346815                      0.339904
0.356815                      0.349291
0.366815                      0.358644
0.376815                      0.367961
0.386815                      0.37724
0.396815                      0.386483
0.406815                      0.395686
0.416815                      0.40485
0.426815                      0.413973
0.436815                      0.423055
0.446815                      0.432095
0.456815                      0.441092
0.466815                      0.450044
0.476815                      0.458952
0.486815                      0.467813
0.496815                      0.476628
0.506815                      0.485395
0.516815                      0.494113
0.526815                      0.502783
0.536815                      0.511401
0.546815                      0.519969
0.556815                      0.528485
0.566815                      0.536948
0.576815                      0.545357
0.586815                      0.553711
0.596815                      0.562011
0.606815                      0.570254
0.616815                      0.57844
0.626815                      0.586568
0.636815                      0.594638
0.646815                      0.602648
0.656815                      0.610597
0.666815                      0.618486
0.676815                      0.626313
0.686815                      0.634077
0.696815                      0.641778
0.706815                      0.649415
0.716815                      0.656987
0.726815                      0.664493
0.736815                      0.671932
0.746815                      0.679305
0.756815                      0.686609
0.766815                      0.693845
0.776815                      0.701011
0.786815                      0.708108
0.796815                      0.715133
0.806815                      0.722087
0.816815                      0.728969
0.826815                      0.735778
0.836815                      0.742513
0.846815                      0.749174
0.856815                      0.755761
0.866815                      0.762271
0.876815                      0.768706
0.886815                      0.775063
0.896815                      0.781343
0.906815                      0.787545
0.916815                      0.793668
0.926815                      0.799712
0.936815                      0.805675
0.946815                      0.811559
0.956815                      0.817361
0.966815                      0.823081
0.976815                      0.828719
0.986815                      0.834274
0.996815                      0.839746
1.00681                      0.845133
1.01681                      0.850437
1.02681                      0.855655
1.03681                      0.860787
1.04681                      0.865834
1.05681                      0.870794
1.06681                      0.875667
1.07681                      0.880452
1.08681                      0.885149
1.09681                      0.889758
1.10681                      0.894278
1.11681                      0.898708
1.12681                      0.903049
1.13681                      0.907299
1.14681                      0.911458
1.15681                      0.915527
1.16681                      0.919503
1.17681                      0.923388
1.18681                      0.92718
1.19681                      0.93088
1.20681                      0.934487
1.21681                      0.938
1.22681                      0.941419
1.23681                      0.944745
1.24681                      0.947975
1.25681                      0.951111
1.26681                      0.954152
1.27681                      0.957098
1.28681                      0.959948
1.29681                      0.962701
1.30681                      0.965359
1.31681                      0.96792
1.32681                      0.970384
1.33681                      0.972751
1.34681                      0.975021
1.35681                      0.977193
1.36681                      0.979268
1.37681                      0.981245
1.38681                      0.983123
1.39681                      0.984903
1.40681                      0.986585
1.41681                      0.988168
1.42681                      0.989653
1.43681                      0.991038
1.44681                      0.992324
1.45681                      0.993511
1.46681                      0.994599
1.47681                      0.995587
1.48681                      0.996476
1.49681                      0.997265
1.50681                      0.997954
1.51681                      0.998543
1.52681                      0.999033
1.53681                      0.999423
1.54681                      0.999713
1.55681                      0.999902
1.56681                      0.999992
1.57681                      0.999982
1.58681                      0.999872
1.59681                      0.999662
1.60681                      0.999351
1.61681                      0.998941
1.62681                      0.998431
1.63681                      0.997822
1.64681                      0.997112
1.65681                      0.996303
1.66681                      0.995394
1.67681                      0.994385
1.68681                      0.993277
1.69681                      0.99207
1.70681                      0.990764
1.71681                      0.989358
1.72681                      0.987854
1.73681                      0.986251
1.74681                      0.984549
1.75681                      0.982748
1.76681                      0.98085
1.77681                      0.978853
1.78681                      0.976759
1.79681                      0.974566
1.80681                      0.972277
1.81681                      0.96989
1.82681                      0.967406
1.83681                      0.964825
1.84681                      0.962148
1.85681                      0.959375
1.86681                      0.956506
1.87681                      0.953541
1.88681                      0.95048
1.89681                      0.947325
1.90681                      0.944075
1.91681                      0.940731
1.92681                      0.937292
1.93681                      0.93376
1.94681                      0.930134
1.95681                      0.926416
1.96681                      0.922604
1.97681                      0.918701
1.98681                      0.914705
1.99681                      0.910618
2.00681                      0.90644
2.01681                      0.902172
2.02681                      0.897813
2.03681                      0.893365
2.04681                      0.888827
2.05681                      0.8842
2.06681                      0.879485
2.07681                      0.874681
2.08681                      0.869791
2.09681                      0.864813
2.10681                      0.859749
2.11681                      0.854599
2.12681                      0.849363
2.13681                      0.844043
2.14681                      0.838638
2.15681                      0.833149
2.16681                      0.827577
2.17681                      0.821923
2.18681                      0.816186
2.19681                      0.810367
2.20681                      0.804467
2.21681                      0.798487
2.22681                      0.792427
2.23681                      0.786288
2.24681                      0.78007
2.25681                      0.773774
2.26681                      0.767401
2.27681                      0.760951
2.28681                      0.754425
2.29681                      0.747824
2.30681                      0.741148
2.31681                      0.734397
2.32681                      0.727573
2.33681                      0.720677
2.34681                      0.713708
2.35681                      0.706668
2.36681                      0.699557
2.37681                      0.692377
2.38681                      0.685127
2.39681                      0.677809
2.40681                      0.670422
2.41681                      0.662969
2.42681                      0.65545
2.43681                      0.647865
2.44681                      0.640215
2.45681                      0.632501
2.46681                      0.624724
2.47681                      0.616884
2.48681                      0.608983
2.49681                      0.601021
2.50681                      0.592999
2.51681                      0.584917
2.52681                      0.576777
2.53681                      0.568579
2.54681                      0.560325
2.55681                      0.552014
2.56681                      0.543648
2.57681                      0.535228
2.58681                      0.526755
2.59681                      0.518228
2.60681                      0.50965
2.61681                      0.501021
2.62681                      0.492342
2.63681                      0.483613
2.64681                      0.474836
2.65681                      0.466012
2.66681                      0.457141
2.67681                      0.448224
2.68681                      0.439263
2.69681                      0.430257
2.70681                      0.421209
2.71681                      0.412119
2.72681                      0.402987
2.73681                      0.393815
2.74681                      0.384603
2.75681                      0.375353
2.76681                      0.366066
2.77681                      0.356742
2.78681                      0.347382
2.79681                      0.337988
2.80681                      0.328559
2.81681                      0.319098
2.82681                      0.309605
2.83681                      0.300081
2.84681                      0.290527
2.85681                      0.280944
2.86681                      0.271333
2.87681                      0.261695
2.88681                      0.252031
2.89681                      0.242341
2.90681                      0.232627
2.91681                      0.22289
2.92681                      0.213131
2.93681                      0.20335
2.94681                      0.193549
2.95681                      0.183728
2.96681                      0.173889
2.97681                      0.164033
2.98681                      0.154161
2.99681                      0.144273
3.00681                      0.13437
3.01681                      0.124454
3.02681                      0.114526
3.03681                      0.104586
3.04681                      0.0946361
3.05681                      0.0846764
3.06681                      0.0747083
3.07681                      0.0647327
3.08681                      0.0547506
3.09681                      0.044763
3.10681                      0.034771
3.11681                      0.0247754
3.12681                      0.0147774
3.13681                      0.00477794
3.14681                      -0.00522202
3.15681                      -0.0152215
3.16681                      -0.0252194
3.17681                      -0.0352148
3.18681                      -0.0452066
3.19681                      -0.055194
3.20681                      -0.0651758
3.21681                      -0.0751511
3.22681                      -0.0851189
3.23681                      -0.0950782
3.24681                      -0.105028
3.25681                      -0.114967
3.26681                      -0.124895
3.27681                      -0.13481
3.28681                      -0.144712
3.29681                      -0.154599
3.30681                      -0.164471
3.31681                      -0.174327
3.32681                      -0.184165
3.33681                      -0.193984
3.34681                      -0.203785
3.35681                      -0.213564
3.36681                      -0.223323
3.37681                      -0.233059
3.38681                      -0.242772
3.39681                      -0.25246
3.40681                      -0.262124
3.41681                      -0.271761
3.42681                      -0.281371
3.43681                      -0.290952
3.44681                      -0.300505
3.45681                      -0.310028
3.46681                      -0.319519
3.47681                      -0.328979
3.48681                      -0.338406
3.49681                      -0.347799
3.50681                      -0.357157
3.51681                      -0.366479
3.52681                      -0.375765
3.53681                      -0.385013
3.54681                      -0.394223
3.55681                      -0.403393
3.56681                      -0.412523
3.57681                      -0.421612
3.58681                      -0.430658
3.59681                      -0.439662
3.60681                      -0.448621
3.61681                      -0.457536
3.62681                      -0.466405
3.63681                      -0.475227
3.64681                      -0.484002
3.65681                      -0.492728
3.66681                      -0.501405
3.67681                      -0.510032
3.68681                      -0.518608
3.69681                      -0.527132
3.70681                      -0.535603
3.71681                      -0.544021
3.72681                      -0.552385
3.73681                      -0.560693
3.74681                      -0.568945
3.75681                      -0.57714
3.76681                      -0.585277
3.77681                      -0.593356
3.78681                      -0.601376
3.79681                      -0.609335
3.80681                      -0.617234
3.81681                      -0.625071
3.82681                      -0.632845
3.83681                      -0.640556
3.84681                      -0.648203
3.85681                      -0.655785
3.86681                      -0.663302
3.87681                      -0.670752
3.88681                      -0.678135
3.89681                      -0.68545
3.90681                      -0.692697
3.91681                      -0.699875
3.92681                      -0.706982
3.93681                      -0.714019
3.94681                      -0.720985
3.95681                      -0.727878
3.96681                      -0.734698
3.97681                      -0.741446
3.98681                      -0.748119
3.99681                      -0.754717
4.00681                      -0.761239
4.01681                      -0.767686
4.02681                      -0.774056
4.03681                      -0.780348
4.04681                      -0.786562
4.05681                      -0.792698
4.06681                      -0.798754
4.07681                      -0.804731
4.08681                      -0.810627
4.09681                      -0.816442
4.10681                      -0.822175
4.11681                      -0.827827
4.12681                      -0.833395
4.13681                      -0.83888
4.14681                      -0.844281
4.15681                      -0.849598
4.16681                      -0.854829
4.17681                      -0.859976
4.18681                      -0.865036
4.19681                      -0.87001
4.20681                      -0.874897
4.21681                      -0.879696
4.22681                      -0.884407
4.23681                      -0.88903
4.24681                      -0.893564
4.25681                      -0.898009
4.26681                      -0.902363
4.27681                      -0.906628
4.28681                      -0.910802
4.29681                      -0.914885
4.30681                      -0.918876
4.31681                      -0.922775
4.32681                      -0.926583
4.33681                      -0.930297
4.34681                      -0.933919
4.35681                      -0.937447
4.36681                      -0.940881
4.37681                      -0.944221
4.38681                      -0.947467
4.39681                      -0.950618
4.40681                      -0.953674
4.41681                      -0.956635
4.42681                      -0.9595
4.43681                      -0.962269
4.44681                      -0.964942
4.45681                      -0.967518
4.46681                      -0.969998
4.47681                      -0.972381
4.48681                      -0.974666
4.49681                      -0.976854
4.50681                      -0.978944
4.51681                      -0.980936
4.52681                      -0.982831
4.53681                      -0.984626
4.54681                      -0.986324
4.55681                      -0.987923
4.56681                      -0.989423
4.57681                      -0.990824
4.58681                      -0.992126
4.59681                      -0.993329
4.60681                      -0.994432
4.61681                      -0.995436
4.62681                      -0.996341
4.63681                      -0.997146
4.64681                      -0.997851
4.65681                      -0.998456
4.66681                      -0.998962
4.67681                      -0.999367
4.68681                      -0.999673
4.69681                      -0.999879
4.70681                      -0.999985
4.71681                      -0.99999
4.72681                      -0.999896
4.73681                      -0.999702
4.74681                      -0.999408
4.75681                      -0.999013
4.76681                      -0.998519
4.77681                      -0.997925
4.78681                      -0.997232
4.79681                      -0.996438
4.80681                      -0.995545
4.81681                      -0.994553
4.82681                      -0.993461
4.83681                      -0.992269
4.84681                      -0.990979
4.85681                      -0.989589
4.86681                      -0.9881
4.87681                      -0.986513
4.88681                      -0.984826
4.89681                      -0.983042
4.90681                      -0.981159
4.91681                      -0.979178
4.92681                      -0.977099
4.93681                      -0.974922
4.94681                      -0.972648
4.95681                      -0.970277
4.96681                      -0.967808
4.97681                      -0.965243
4.98681                      -0.962581
4.99681                      -0.959823
5.00681                      -0.956969
5.01681                      -0.954019
5.02681                      -0.950974
5.03681                      -0.947834
5.04681                      -0.944599
5.05681                      -0.94127
5.06681                      -0.937846
5.07681                      -0.934329
5.08681                      -0.930718
5.09681                      -0.927014
5.10681                      -0.923217
5.11681                      -0.919329
5.12681                      -0.915348
5.13681                      -0.911275
5.14681                      -0.907112
5.15681                      -0.902858
5.16681                      -0.898513
5.17681                      -0.894079
5.18681                      -0.889555
5.19681                      -0.884943
5.20681                      -0.880241
5.21681                      -0.875452
5.22681                      -0.870576
5.23681                      -0.865612
5.24681                      -0.860561
5.25681                      -0.855425
5.26681                      -0.850203
5.27681                      -0.844896
5.28681                      -0.839505
5.29681                      -0.834029
5.30681                      -0.82847
5.31681                      -0.822829
5.32681                      -0.817105
5.33681                      -0.811299
5.34681                      -0.805412
5.35681                      -0.799445
5.36681                      -0.793398
5.37681                      -0.787271
5.38681                      -0.781066
5.39681                      -0.774782
5.40681                      -0.768421
5.41681                      -0.761984
5.42681                      -0.75547
5.43681                      -0.74888
5.44681                      -0.742216
5.45681                      -0.735477
5.46681                      -0.728665
5.47681                      -0.72178
5.48681                      -0.714823
5.49681                      -0.707794
5.50681                      -0.700695
5.51681                      -0.693525
5.52681                      -0.686286
5.53681                      -0.678979
5.54681                      -0.671603
5.55681                      -0.664161
5.56681                      -0.656652
5.57681                      -0.649077
5.58681                      -0.641438
5.59681                      -0.633734
5.60681                      -0.625967
5.61681                      -0.618137
5.62681                      -0.610246
5.63681                      -0.602293
5.64681                      -0.59428
5.65681                      -0.586208
5.66681                      -0.578078
5.67681                      -0.569889
5.68681                      -0.561643
5.69681                      -0.553342
5.70681                      -0.544985
5.71681                      -0.536573
5.72681                      -0.528108
5.73681                      -0.51959
5.74681                      -0.51102
5.75681                      -0.502399
5.76681                      -0.493727
5.77681                      -0.485007
5.78681                      -0.476237
5.79681                      -0.467421
5.80681                      -0.458557
5.81681                      -0.449648
5.82681                      -0.440693
5.83681                      -0.431695
5.84681                      -0.422653
5.85681                      -0.413569
5.86681                      -0.404444
5.87681                      -0.395278
5.88681                      -0.386073
5.89681                      -0.376829
5.90681                      -0.367548
5.91681                      -0.358229
5.92681                      -0.348875
5.93681                      -0.339486
5.94681                      -0.330063
5.95681                      -0.320607
5.96681                      -0.311119
5.97681                      -0.3016
5.98681                      -0.292051
5.99681                      -0.282473
6.00681                      -0.272866
6.01681                      -0.263232
6.02681                      -0.253571
6.03681                      -0.243886
6.04681                      -0.234176
6.05681                      -0.224442
6.06681                      -0.214686
6.07681                      -0.204909
6.08681                      -0.195111
6.09681                      -0.185294
6.10681                      -0.175458
6.11681                      -0.165604
6.12681                      -0.155734
6.13681                      -0.145849
6.14681                      -0.135948
6.15681                      -0.126035
6.16681                      -0.116108
6.17681                      -0.10617
6.18681                      -0.0962215
6.19681                      -0.0862633
6.20681                      -0.0762964
6.21681                      -0.0663219
6.22681                      -0.0563408
6.23681                      -0.046354
6.24681                      -0.0363626
6.25681                      -0.0263676
6.26681                      -0.0163699
6.27681                      -0.00637057
