-10                      -1
-9.99                      -1
-9.98                      -1
-9.97                      -1
-9.96                      -1
-9.95                      -1
-9.94                      -1
-9.93                      -1
-9.92                      -1
-9.91                      -1
-9.9                      -1
-9.89                      -1
-9.88                      -1
-9.87                      -1
-9.86                      -1
-9.85                      -1
-9.84                      -1
-9.83                      -1
-9.82                      -1
-9.81                      -1
-9.8                      -1
-9.79                      -1
-9.78                      -1
-9.77                      -1
-9.76                      -1
-9.75                      -1
-9.74                      -1
-9.73                      -1
-9.72                      -1
-9.71                      -1
-9.7                      -1
-9.69                      -1
-9.68                      -1
-9.67                      -1
-9.66                      -1
-9.65                      -1
-9.64                      -1
-9.63                      -1
-9.62                      -1
-9.61                      -1
-9.6                      -1
-9.59                      -1
-9.58                      -1
-9.57                      -1
-9.56                      -1
-9.55                      -1
-9.54                      -1
-9.53                      -1
-9.52                      -1
-9.51                      -1
-9.5                      -1
-9.49                      -1
-9.48                      -1
-9.47                      -1
-9.46                      -1
-9.45                      -1
-9.44                      -1
-9.43                      -1
-9.42                      -1
-9.41                      -1
-9.4                      -1
-9.39                      -1
-9.38                      -1
-9.37                      -1
-9.36                      -1
-9.35                      -1
-9.34                      -1
-9.33                      -1
-9.32                      -1
-9.31                      -1
-9.3                      -1
-9.29                      -1
-9.28                      -1
-9.27                      -1
-9.26                      -1
-9.25                      -1
-9.24                      -1
-9.23                      -1
-9.22                      -1
-9.21                      -1
-9.2                      -1
-9.19                      -1
-9.18                      -1
-9.17                      -1
-9.16                      -1
-9.15                      -1
-9.14                      -1
-9.13                      -1
-9.12                      -1
-9.11                      -1
-9.1                      -1
-9.09                      -1
-9.08                      -1
-9.07                      -1
-9.06                      -1
-9.05                      -1
-9.04                      -1
-9.03                      -1
-9.02                      -1
-9.01                      -1
-9                      -1
-8.99                      -1
-8.98                      -1
-8.97                      -1
-8.96                      -1
-8.95                      -1
-8.94                      -1
-8.93                      -1
-8.92                      -1
-8.91                      -1
-8.9                      -1
-8.89                      -1
-8.88                      -1
-8.87                      -1
-8.86                      -1
-8.85                      -1
-8.84                      -1
-8.83                      -1
-8.82                      -1
-8.81                      -1
-8.8                      -1
-8.79                      -1
-8.78                      -1
-8.77                      -1
-8.76                      -1
-8.75                      -1
-8.74                      -1
-8.73                      -1
-8.72                      -1
-8.71                      -1
-8.7                      -1
-8.69                      -1
-8.68                      -1
-8.67                      -1
-8.66                      -1
-8.65                      -1
-8.64                      -1
-8.63                      -1
-8.62                      -1
-8.61                      -1
-8.6                      -1
-8.59                      -1
-8.58                      -1
-8.57                      -1
-8.56                      -1
-8.55                      -1
-8.54                      -1
-8.53                      -1
-8.52                      -1
-8.51                      -1
-8.5                      -1
-8.49                      -1
-8.48                      -1
-8.47                      -1
-8.46                      -1
-8.45                      -1
-8.44                      -1
-8.43                      -1
-8.42                      -1
-8.41                      -1
-8.4                      -1
-8.39                      -1
-8.38                      -1
-8.37                      -1
-8.36                      -1
-8.35                      -1
-8.34                      -1
-8.33                      -1
-8.32                      -1
-8.31                      -1
-8.3                      -1
-8.29                      -1
-8.28                      -1
-8.27                      -1
-8.26                      -1
-8.25                      -1
-8.24                      -1
-8.23                      -1
-8.22                      -1
-8.21                      -1
-8.2                      -1
-8.19                      -1
-8.18                      -1
-8.17                      -1
-8.16                      -1
-8.15                      -1
-8.14                      -1
-8.13                      -1
-8.12                      -1
-8.11                      -1
-8.1                      -1
-8.09                      -1
-8.08                      -1
-8.07                      -1
-8.06                      -1
-8.05                      -1
-8.04                      -1
-8.03                      -1
-8.02                      -1
-8.01                      -1
-8                      -1
-7.99                      -1
-7.98                      -1
-7.97                      -1
-7.96                      -1
-7.95                      -1
-7.94                      -1
-7.93                      -1
-7.92                      -1
-7.91                      -1
-7.9                      -1
-7.89                      -1
-7.88                      -1
-7.87                      -1
-7.86                      -1
-7.85                      -1
-7.84                      -1
-7.83                      -1
-7.82                      -1
-7.81                      -1
-7.8                      -1
-7.79                      -1
-7.78                      -1
-7.77                      -1
-7.76                      -1
-7.75                      -1
-7.74                      -1
-7.73                      -1
-7.72                      -1
-7.71                      -1
-7.7                      -1
-7.69                      -1
-7.68                      -1
-7.67                      -1
-7.66                      -1
-7.65                      -1
-7.64                      -1
-7.63                      -1
-7.62                      -1
-7.61                      -1
-7.6                      -1
-7.59                      -1
-7.58                      -1
-7.57                      -1
-7.56                      -1
-7.55                      -1
-7.54                      -1
-7.53                      -1
-7.52                      -1
-7.51                      -1
-7.5                      -1
-7.49                      -1
-7.48                      -1
-7.47                      -1
-7.46                      -1
-7.45                      -1
-7.44                      -1
-7.43                      -1
-7.42                      -1
-7.41                      -1
-7.4                      -1
-7.39                      -1
-7.38                      -1
-7.37                      -1
-7.36                      -1
-7.35                      -1
-7.34                      -1
-7.33                      -1
-7.32                      -1
-7.31                      -1
-7.3                      -1
-7.29                      -1
-7.28                      -1
-7.27                      -1
-7.26                      -1
-7.25                      -1
-7.24                      -1
-7.23                      -1
-7.22                      -1
-7.21                      -1
-7.2                      -1
-7.19                      -1
-7.18                      -1
-7.17                      -1
-7.16                      -1
-7.15                      -1
-7.14                      -1
-7.13                      -1
-7.12                      -1
-7.11                      -1
-7.1                      -1
-7.09                      -1
-7.08                      -1
-7.07                      -1
-7.06                      -1
-7.05                      -1
-7.04                      -1
-7.03                      -1
-7.02                      -1
-7.01                      -1
-7                      -1
-6.99                      -1
-6.98                      -1
-6.97                      -1
-6.96                      -1
-6.95                      -1
-6.94                      -1
-6.93                      -1
-6.92                      -1
-6.91                      -1
-6.9                      -1
-6.89                      -1
-6.88                      -1
-6.87                      -1
-6.86                      -1
-6.85                      -1
-6.84                      -1
-6.83                      -1
-6.82                      -1
-6.81                      -1
-6.8                      -1
-6.79                      -1
-6.78                      -1
-6.77                      -1
-6.76                      -1
-6.75                      -1
-6.74                      -1
-6.73                      -1
-6.72                      -1
-6.71                      -1
-6.7                      -1
-6.69                      -1
-6.68                      -1
-6.67                      -1
-6.66                      -1
-6.65                      -1
-6.64                      -1
-6.63                      -1
-6.62                      -1
-6.61                      -1
-6.6                      -1
-6.59                      -1
-6.58                      -1
-6.57                      -1
-6.56                      -1
-6.55                      -1
-6.54                      -1
-6.53                      -1
-6.52                      -1
-6.51                      -1
-6.5                      -1
-6.49                      -1
-6.48                      -1
-6.47                      -1
-6.46                      -1
-6.45                      -1
-6.44                      -1.00001
-6.43                      -1.00001
-6.42                      -1.00001
-6.41                      -1.00001
-6.4                      -1.00001
-6.39                      -1.00001
-6.38                      -1.00001
-6.37                      -1.00001
-6.36                      -1.00001
-6.35                      -1.00001
-6.34                      -1.00001
-6.33                      -1.00001
-6.32                      -1.00001
-6.31                      -1.00001
-6.3                      -1.00001
-6.29                      -1.00001
-6.28                      -1.00001
-6.27                      -1.00001
-6.26                      -1.00001
-6.25                      -1.00001
-6.24                      -1.00001
-6.23                      -1.00001
-6.22                      -1.00001
-6.21                      -1.00001
-6.2                      -1.00001
-6.19                      -1.00001
-6.18                      -1.00001
-6.17                      -1.00001
-6.16                      -1.00001
-6.15                      -1.00001
-6.14                      -1.00001
-6.13                      -1.00001
-6.12                      -1.00001
-6.11                      -1.00001
-6.1                      -1.00001
-6.09                      -1.00001
-6.08                      -1.00001
-6.07                      -1.00001
-6.06                      -1.00001
-6.05                      -1.00001
-6.04                      -1.00001
-6.03                      -1.00001
-6.02                      -1.00001
-6.01                      -1.00001
-6                      -1.00001
-5.99                      -1.00001
-5.98                      -1.00001
-5.97                      -1.00001
-5.96                      -1.00001
-5.95                      -1.00001
-5.94                      -1.00001
-5.93                      -1.00001
-5.92                      -1.00001
-5.91                      -1.00001
-5.9                      -1.00002
-5.89                      -1.00002
-5.88                      -1.00002
-5.87                      -1.00002
-5.86                      -1.00002
-5.85                      -1.00002
-5.84                      -1.00002
-5.83                      -1.00002
-5.82                      -1.00002
-5.81                      -1.00002
-5.8                      -1.00002
-5.79                      -1.00002
-5.78                      -1.00002
-5.77                      -1.00002
-5.76                      -1.00002
-5.75                      -1.00002
-5.74                      -1.00002
-5.73                      -1.00002
-5.72                      -1.00002
-5.71                      -1.00002
-5.7                      -1.00002
-5.69                      -1.00002
-5.68                      -1.00002
-5.67                      -1.00002
-5.66                      -1.00002
-5.65                      -1.00002
-5.64                      -1.00003
-5.63                      -1.00003
-5.62                      -1.00003
-5.61                      -1.00003
-5.6                      -1.00003
-5.59                      -1.00003
-5.58                      -1.00003
-5.57                      -1.00003
-5.56                      -1.00003
-5.55                      -1.00003
-5.54                      -1.00003
-5.53                      -1.00003
-5.52                      -1.00003
-5.51                      -1.00003
-5.5                      -1.00003
-5.49                      -1.00003
-5.48                      -1.00003
-5.47                      -1.00004
-5.46                      -1.00004
-5.45                      -1.00004
-5.44                      -1.00004
-5.43                      -1.00004
-5.42                      -1.00004
-5.41                      -1.00004
-5.4                      -1.00004
-5.39                      -1.00004
-5.38                      -1.00004
-5.37                      -1.00004
-5.36                      -1.00004
-5.35                      -1.00005
-5.34                      -1.00005
-5.33                      -1.00005
-5.32                      -1.00005
-5.31                      -1.00005
-5.3                      -1.00005
-5.29                      -1.00005
-5.28                      -1.00005
-5.27                      -1.00005
-5.26                      -1.00005
-5.25                      -1.00006
-5.24                      -1.00006
-5.23                      -1.00006
-5.22                      -1.00006
-5.21                      -1.00006
-5.2                      -1.00006
-5.19                      -1.00006
-5.18                      -1.00006
-5.17                      -1.00006
-5.16                      -1.00007
-5.15                      -1.00007
-5.14                      -1.00007
-5.13                      -1.00007
-5.12                      -1.00007
-5.11                      -1.00007
-5.1                      -1.00007
-5.09                      -1.00008
-5.08                      -1.00008
-5.07                      -1.00008
-5.06                      -1.00008
-5.05                      -1.00008
-5.04                      -1.00008
-5.03                      -1.00009
-5.02                      -1.00009
-5.01                      -1.00009
-5                      -1.00009
-4.99                      -1.00009
-4.98                      -1.00009
-4.97                      -1.0001
-4.96                      -1.0001
-4.95                      -1.0001
-4.94                      -1.0001
-4.93                      -1.0001
-4.92                      -1.00011
-4.91                      -1.00011
-4.9                      -1.00011
-4.89                      -1.00011
-4.88                      -1.00012
-4.87                      -1.00012
-4.86                      -1.00012
-4.85                      -1.00012
-4.84                      -1.00013
-4.83                      -1.00013
-4.82                      -1.00013
-4.81                      -1.00013
-4.8                      -1.00014
-4.79                      -1.00014
-4.78                      -1.00014
-4.77                      -1.00014
-4.76                      -1.00015
-4.75                      -1.00015
-4.74                      -1.00015
-4.73                      -1.00016
-4.72                      -1.00016
-4.71                      -1.00016
-4.7                      -1.00017
-4.69                      -1.00017
-4.68                      -1.00017
-4.67                      -1.00018
-4.66                      -1.00018
-4.65                      -1.00018
-4.64                      -1.00019
-4.63                      -1.00019
-4.62                      -1.00019
-4.61                      -1.0002
-4.6                      -1.0002
-4.59                      -1.00021
-4.58                      -1.00021
-4.57                      -1.00021
-4.56                      -1.00022
-4.55                      -1.00022
-4.54                      -1.00023
-4.53                      -1.00023
-4.52                      -1.00024
-4.51                      -1.00024
-4.5                      -1.00025
-4.49                      -1.00025
-4.48                      -1.00026
-4.47                      -1.00026
-4.46                      -1.00027
-4.45                      -1.00027
-4.44                      -1.00028
-4.43                      -1.00028
-4.42                      -1.00029
-4.41                      -1.0003
-4.4                      -1.0003
-4.39                      -1.00031
-4.38                      -1.00031
-4.37                      -1.00032
-4.36                      -1.00033
-4.35                      -1.00033
-4.34                      -1.00034
-4.33                      -1.00035
-4.32                      -1.00035
-4.31                      -1.00036
-4.3                      -1.00037
-4.29                      -1.00038
-4.28                      -1.00038
-4.27                      -1.00039
-4.26                      -1.0004
-4.25                      -1.00041
-4.24                      -1.00042
-4.23                      -1.00042
-4.22                      -1.00043
-4.21                      -1.00044
-4.2                      -1.00045
-4.19                      -1.00046
-4.18                      -1.00047
-4.17                      -1.00048
-4.16                      -1.00049
-4.15                      -1.0005
-4.14                      -1.00051
-4.13                      -1.00052
-4.12                      -1.00053
-4.11                      -1.00054
-4.1                      -1.00055
-4.09                      -1.00056
-4.08                      -1.00057
-4.07                      -1.00058
-4.06                      -1.0006
-4.05                      -1.00061
-4.04                      -1.00062
-4.03                      -1.00063
-4.02                      -1.00064
-4.01                      -1.00066
-4                      -1.00067
-3.99                      -1.00068
-3.98                      -1.0007
-3.97                      -1.00071
-3.96                      -1.00073
-3.95                      -1.00074
-3.94                      -1.00076
-3.93                      -1.00077
-3.92                      -1.00079
-3.91                      -1.0008
-3.9                      -1.00082
-3.89                      -1.00084
-3.88                      -1.00085
-3.87                      -1.00087
-3.86                      -1.00089
-3.85                      -1.00091
-3.84                      -1.00092
-3.83                      -1.00094
-3.82                      -1.00096
-3.81                      -1.00098
-3.8                      -1.001
-3.79                      -1.00102
-3.78                      -1.00104
-3.77                      -1.00106
-3.76                      -1.00108
-3.75                      -1.00111
-3.74                      -1.00113
-3.73                      -1.00115
-3.72                      -1.00118
-3.71                      -1.0012
-3.7                      -1.00122
-3.69                      -1.00125
-3.68                      -1.00127
-3.67                      -1.0013
-3.66                      -1.00133
-3.65                      -1.00135
-3.64                      -1.00138
-3.63                      -1.00141
-3.62                      -1.00144
-3.61                      -1.00146
-3.6                      -1.00149
-3.59                      -1.00152
-3.58                      -1.00156
-3.57                      -1.00159
-3.56                      -1.00162
-3.55                      -1.00165
-3.54                      -1.00168
-3.53                      -1.00172
-3.52                      -1.00175
-3.51                      -1.00179
-3.5                      -1.00183
-3.49                      -1.00186
-3.48                      -1.0019
-3.47                      -1.00194
-3.46                      -1.00198
-3.45                      -1.00202
-3.44                      -1.00206
-3.43                      -1.0021
-3.42                      -1.00214
-3.41                      -1.00219
-3.4                      -1.00223
-3.39                      -1.00228
-3.38                      -1.00232
-3.37                      -1.00237
-3.36                      -1.00242
-3.35                      -1.00246
-3.34                      -1.00251
-3.33                      -1.00257
-3.32                      -1.00262
-3.31                      -1.00267
-3.3                      -1.00272
-3.29                      -1.00278
-3.28                      -1.00284
-3.27                      -1.00289
-3.26                      -1.00295
-3.25                      -1.00301
-3.24                      -1.00307
-3.23                      -1.00313
-3.22                      -1.0032
-3.21                      -1.00326
-3.2                      -1.00333
-3.19                      -1.0034
-3.18                      -1.00346
-3.17                      -1.00353
-3.16                      -1.00361
-3.15                      -1.00368
-3.14                      -1.00375
-3.13                      -1.00383
-3.12                      -1.00391
-3.11                      -1.00399
-3.1                      -1.00407
-3.09                      -1.00415
-3.08                      -1.00423
-3.07                      -1.00432
-3.06                      -1.00441
-3.05                      -1.0045
-3.04                      -1.00459
-3.03                      -1.00468
-3.02                      -1.00477
-3.01                      -1.00487
-3                      -1.00497
-2.99                      -1.00507
-2.98                      -1.00517
-2.97                      -1.00528
-2.96                      -1.00538
-2.95                      -1.00549
-2.94                      -1.00561
-2.93                      -1.00572
-2.92                      -1.00583
-2.91                      -1.00595
-2.9                      -1.00607
-2.89                      -1.0062
-2.88                      -1.00632
-2.87                      -1.00645
-2.86                      -1.00658
-2.85                      -1.00671
-2.84                      -1.00685
-2.83                      -1.00699
-2.82                      -1.00713
-2.81                      -1.00728
-2.8                      -1.00742
-2.79                      -1.00757
-2.78                      -1.00773
-2.77                      -1.00788
-2.76                      -1.00804
-2.75                      -1.00821
-2.74                      -1.00837
-2.73                      -1.00854
-2.72                      -1.00872
-2.71                      -1.00889
-2.7                      -1.00907
-2.69                      -1.00926
-2.68                      -1.00945
-2.67                      -1.00964
-2.66                      -1.00983
-2.65                      -1.01003
-2.64                      -1.01024
-2.63                      -1.01044
-2.62                      -1.01066
-2.61                      -1.01087
-2.6                      -1.01109
-2.59                      -1.01132
-2.58                      -1.01155
-2.57                      -1.01178
-2.56                      -1.01202
-2.55                      -1.01227
-2.54                      -1.01252
-2.53                      -1.01277
-2.52                      -1.01303
-2.51                      -1.0133
-2.5                      -1.01357
-2.49                      -1.01384
-2.48                      -1.01412
-2.47                      -1.01441
-2.46                      -1.01471
-2.45                      -1.015
-2.44                      -1.01531
-2.43                      -1.01562
-2.42                      -1.01594
-2.41                      -1.01626
-2.4                      -1.0166
-2.39                      -1.01693
-2.38                      -1.01728
-2.37                      -1.01763
-2.36                      -1.01799
-2.35                      -1.01836
-2.34                      -1.01873
-2.33                      -1.01911
-2.32                      -1.0195
-2.31                      -1.0199
-2.3                      -1.02031
-2.29                      -1.02072
-2.28                      -1.02115
-2.27                      -1.02158
-2.26                      -1.02202
-2.25                      -1.02247
-2.24                      -1.02293
-2.23                      -1.0234
-2.22                      -1.02387
-2.21                      -1.02436
-2.2                      -1.02486
-2.19                      -1.02537
-2.18                      -1.02589
-2.17                      -1.02642
-2.16                      -1.02696
-2.15                      -1.02751
-2.14                      -1.02807
-2.13                      -1.02865
-2.12                      -1.02924
-2.11                      -1.02984
-2.1                      -1.03045
-2.09                      -1.03107
-2.08                      -1.03171
-2.07                      -1.03236
-2.06                      -1.03303
-2.05                      -1.0337
-2.04                      -1.0344
-2.03                      -1.0351
-2.02                      -1.03583
-2.01                      -1.03656
-2                      -1.03731
-1.99                      -1.03808
-1.98                      -1.03887
-1.97                      -1.03967
-1.96                      -1.04049
-1.95                      -1.04132
-1.94                      -1.04217
-1.93                      -1.04304
-1.92                      -1.04393
-1.91                      -1.04484
-1.9                      -1.04577
-1.89                      -1.04671
-1.88                      -1.04768
-1.87                      -1.04866
-1.86                      -1.04967
-1.85                      -1.0507
-1.84                      -1.05175
-1.83                      -1.05282
-1.82                      -1.05392
-1.81                      -1.05504
-1.8                      -1.05618
-1.79                      -1.05735
-1.78                      -1.05854
-1.77                      -1.05976
-1.76                      -1.061
-1.75                      -1.06228
-1.74                      -1.06357
-1.73                      -1.0649
-1.72                      -1.06625
-1.71                      -1.06764
-1.7                      -1.06905
-1.69                      -1.0705
-1.68                      -1.07197
-1.67                      -1.07348
-1.66                      -1.07502
-1.65                      -1.07659
-1.64                      -1.0782
-1.63                      -1.07984
-1.62                      -1.08152
-1.61                      -1.08324
-1.6                      -1.08499
-1.59                      -1.08678
-1.58                      -1.08861
-1.57                      -1.09048
-1.56                      -1.09239
-1.55                      -1.09435
-1.54                      -1.09635
-1.53                      -1.09839
-1.52                      -1.10048
-1.51                      -1.10261
-1.5                      -1.10479
-1.49                      -1.10702
-1.48                      -1.1093
-1.47                      -1.11163
-1.46                      -1.11402
-1.45                      -1.11645
-1.44                      -1.11895
-1.43                      -1.1215
-1.42                      -1.1241
-1.41                      -1.12677
-1.4                      -1.12949
-1.39                      -1.13228
-1.38                      -1.13514
-1.37                      -1.13805
-1.36                      -1.14104
-1.35                      -1.14409
-1.34                      -1.14722
-1.33                      -1.15042
-1.32                      -1.15369
-1.31                      -1.15704
-1.3                      -1.16047
-1.29                      -1.16397
-1.28                      -1.16756
-1.27                      -1.17124
-1.26                      -1.175
-1.25                      -1.17885
-1.24                      -1.18279
-1.23                      -1.18683
-1.22                      -1.19097
-1.21                      -1.1952
-1.2                      -1.19954
-1.19                      -1.20398
-1.18                      -1.20853
-1.17                      -1.21319
-1.16                      -1.21797
-1.15                      -1.22286
-1.14                      -1.22788
-1.13                      -1.23302
-1.12                      -1.23828
-1.11                      -1.24368
-1.1                      -1.24922
-1.09                      -1.2549
-1.08                      -1.26072
-1.07                      -1.26669
-1.06                      -1.27281
-1.05                      -1.27909
-1.04                      -1.28553
-1.03                      -1.29214
-1.02                      -1.29893
-1.01                      -1.30589
-1                      -1.31304
-0.99                      -1.32037
-0.98                      -1.3279
-0.97                      -1.33564
-0.96                      -1.34359
-0.95                      -1.35175
-0.94                      -1.36013
-0.93                      -1.36875
-0.92                      -1.37761
-0.91                      -1.38671
-0.9                      -1.39607
-0.89                      -1.40569
-0.88                      -1.41559
-0.87                      -1.42577
-0.86                      -1.43625
-0.85                      -1.44703
-0.84                      -1.45813
-0.83                      -1.46956
-0.82                      -1.48133
-0.81                      -1.49345
-0.8                      -1.50594
-0.79                      -1.51881
-0.78                      -1.53208
-0.77                      -1.54576
-0.76                      -1.55988
-0.75                      -1.57443
-0.74                      -1.58946
-0.73                      -1.60497
-0.72                      -1.62098
-0.71                      -1.63753
-0.7                      -1.65462
-0.69                      -1.67229
-0.68                      -1.69056
-0.67                      -1.70946
-0.66                      -1.72902
-0.65                      -1.74926
-0.64                      -1.77023
-0.63                      -1.79195
-0.62                      -1.81446
-0.61                      -1.83781
-0.6                      -1.86203
-0.59                      -1.88716
-0.58                      -1.91327
-0.57                      -1.94039
-0.56                      -1.96859
-0.55                      -1.99792
-0.54                      -2.02845
-0.53                      -2.06024
-0.52                      -2.09336
-0.51                      -2.12791
-0.5                      -2.16395
-0.49                      -2.20159
-0.48                      -2.24093
-0.47                      -2.28207
-0.46                      -2.32513
-0.45                      -2.37024
-0.44                      -2.41753
-0.43                      -2.46718
-0.42                      -2.51933
-0.41                      -2.57418
-0.4                      -2.63193
-0.39                      -2.6928
-0.38                      -2.75704
-0.37                      -2.82492
-0.36                      -2.89675
-0.35                      -2.97287
-0.34                      -3.05365
-0.33                      -3.13951
-0.32                      -3.23095
-0.31                      -3.32848
-0.3                      -3.43274
-0.29                      -3.5444
-0.28                      -3.66428
-0.27                      -3.79327
-0.26                      -3.93243
-0.25                      -4.08299
-0.24                      -4.24636
-0.23                      -4.42422
-0.22                      -4.61855
-0.21                      -4.8317
-0.2                      -5.06649
-0.19                      -5.32634
-0.18                      -5.61542
-0.17                      -5.93891
-0.16                      -6.30324
-0.15                      -6.71659
-0.14                      -7.18946
-0.13                      -7.73559
-0.12                      -8.37329
-0.11                      -9.12754
-0.1                      -10.0333
-0.09                      -11.1411
-0.08                      -12.5266
-0.07                      -14.309
-0.06                      -16.6866
-0.05                      -20.0166
-0.04                      -25.0133
-0.03                      -33.3433
-0.02                      -50.0066
-0.01                      -100.003
0.01                      100.003
0.02                      50.0066
0.03                      33.3433
0.04                      25.0133
0.05                      20.0167
0.06                      16.6867
0.07                      14.309
0.08                      12.5267
0.09                      11.1411
0.1                      10.0333
0.11                      9.12755
0.12                      8.37329
0.13                      7.73559
0.14                      7.18946
0.15                      6.71659
0.16                      6.30324
0.17                      5.93891
0.18                      5.61543
0.19                      5.32634
0.2                      5.06649
0.21                      4.8317
0.22                      4.61855
0.23                      4.42422
0.24                      4.24636
0.25                      4.08299
0.26                      3.93243
0.27                      3.79327
0.28                      3.66428
0.29                      3.5444
0.3                      3.43274
0.31                      3.32848
0.32                      3.23095
0.33                      3.13951
0.34                      3.05365
0.35                      2.97287
0.36                      2.89675
0.37                      2.82492
0.38                      2.75704
0.39                      2.6928
0.4                      2.63193
0.41                      2.57418
0.42                      2.51933
0.43                      2.46718
0.44                      2.41754
0.45                      2.37024
0.46                      2.32513
0.47                      2.28207
0.48                      2.24093
0.49                      2.20159
0.5                      2.16395
0.51                      2.12791
0.52                      2.09336
0.53                      2.06024
0.54                      2.02845
0.55                      1.99792
0.56                      1.96859
0.57                      1.94039
0.58                      1.91327
0.59                      1.88716
0.6                      1.86203
0.61                      1.83781
0.62                      1.81446
0.63                      1.79195
0.64                      1.77023
0.65                      1.74926
0.66                      1.72902
0.67                      1.70946
0.68                      1.69056
0.69                      1.67229
0.7                      1.65462
0.71                      1.63753
0.72                      1.62098
0.73                      1.60497
0.74                      1.58946
0.75                      1.57443
0.76                      1.55988
0.77                      1.54576
0.78                      1.53208
0.79                      1.51881
0.8                      1.50594
0.81                      1.49345
0.82                      1.48133
0.83                      1.46956
0.84                      1.45813
0.85                      1.44703
0.86                      1.43625
0.87                      1.42577
0.88                      1.41559
0.89                      1.40569
0.9                      1.39607
0.91                      1.38671
0.92                      1.37761
0.93                      1.36875
0.94                      1.36013
0.95                      1.35175
0.96                      1.34359
0.97                      1.33564
0.98                      1.32791
0.99                      1.32037
1                      1.31304
1.01                      1.30589
1.02                      1.29893
1.03                      1.29214
1.04                      1.28553
1.05                      1.27909
1.06                      1.27281
1.07                      1.26669
1.08                      1.26072
1.09                      1.2549
1.1                      1.24922
1.11                      1.24368
1.12                      1.23828
1.13                      1.23302
1.14                      1.22788
1.15                      1.22286
1.16                      1.21797
1.17                      1.21319
1.18                      1.20853
1.19                      1.20398
1.2                      1.19954
1.21                      1.1952
1.22                      1.19097
1.23                      1.18683
1.24                      1.18279
1.25                      1.17885
1.26                      1.175
1.27                      1.17124
1.28                      1.16756
1.29                      1.16397
1.3                      1.16047
1.31                      1.15704
1.32                      1.15369
1.33                      1.15042
1.34                      1.14722
1.35                      1.1441
1.36                      1.14104
1.37                      1.13805
1.38                      1.13514
1.39                      1.13228
1.4                      1.12949
1.41                      1.12677
1.42                      1.1241
1.43                      1.1215
1.44                      1.11895
1.45                      1.11645
1.46                      1.11402
1.47                      1.11163
1.48                      1.1093
1.49                      1.10702
1.5                      1.10479
1.51                      1.10261
1.52                      1.10048
1.53                      1.09839
1.54                      1.09635
1.55                      1.09435
1.56                      1.09239
1.57                      1.09048
1.58                      1.08861
1.59                      1.08678
1.6                      1.08499
1.61                      1.08324
1.62                      1.08152
1.63                      1.07984
1.64                      1.0782
1.65                      1.07659
1.66                      1.07502
1.67                      1.07348
1.68                      1.07197
1.69                      1.0705
1.7                      1.06905
1.71                      1.06764
1.72                      1.06625
1.73                      1.0649
1.74                      1.06357
1.75                      1.06228
1.76                      1.061
1.77                      1.05976
1.78                      1.05854
1.79                      1.05735
1.8                      1.05618
1.81                      1.05504
1.82                      1.05392
1.83                      1.05282
1.84                      1.05175
1.85                      1.0507
1.86                      1.04967
1.87                      1.04866
1.88                      1.04768
1.89                      1.04671
1.9                      1.04577
1.91                      1.04484
1.92                      1.04393
1.93                      1.04304
1.94                      1.04217
1.95                      1.04132
1.96                      1.04049
1.97                      1.03967
1.98                      1.03887
1.99                      1.03808
2                      1.03731
2.01                      1.03656
2.02                      1.03583
2.03                      1.0351
2.04                      1.0344
2.05                      1.0337
2.06                      1.03303
2.07                      1.03236
2.08                      1.03171
2.09                      1.03107
2.1                      1.03045
2.11                      1.02984
2.12                      1.02924
2.13                      1.02865
2.14                      1.02807
2.15                      1.02751
2.16                      1.02696
2.17                      1.02642
2.18                      1.02589
2.19                      1.02537
2.2                      1.02486
2.21                      1.02436
2.22                      1.02387
2.23                      1.0234
2.24                      1.02293
2.25                      1.02247
2.26                      1.02202
2.27                      1.02158
2.28                      1.02115
2.29                      1.02072
2.3                      1.02031
2.31                      1.0199
2.32                      1.0195
2.33                      1.01911
2.34                      1.01873
2.35                      1.01836
2.36                      1.01799
2.37                      1.01763
2.38                      1.01728
2.39                      1.01693
2.4                      1.0166
2.41                      1.01626
2.42                      1.01594
2.43                      1.01562
2.44                      1.01531
2.45                      1.015
2.46                      1.01471
2.47                      1.01441
2.48                      1.01412
2.49                      1.01384
2.5                      1.01357
2.51                      1.0133
2.52                      1.01303
2.53                      1.01277
2.54                      1.01252
2.55                      1.01227
2.56                      1.01202
2.57                      1.01178
2.58                      1.01155
2.59                      1.01132
2.6                      1.01109
2.61                      1.01087
2.62                      1.01066
2.63                      1.01044
2.64                      1.01024
2.65                      1.01003
2.66                      1.00983
2.67                      1.00964
2.68                      1.00945
2.69                      1.00926
2.7                      1.00907
2.71                      1.00889
2.72                      1.00872
2.73                      1.00854
2.74                      1.00837
2.75                      1.00821
2.76                      1.00804
2.77                      1.00788
2.78                      1.00773
2.79                      1.00757
2.8                      1.00742
2.81                      1.00728
2.82                      1.00713
2.83                      1.00699
2.84                      1.00685
2.85                      1.00671
2.86                      1.00658
2.87                      1.00645
2.88                      1.00632
2.89                      1.0062
2.9                      1.00607
2.91                      1.00595
2.92                      1.00583
2.93                      1.00572
2.94                      1.00561
2.95                      1.00549
2.96                      1.00538
2.97                      1.00528
2.98                      1.00517
2.99                      1.00507
3                      1.00497
3.01                      1.00487
3.02                      1.00477
3.03                      1.00468
3.04                      1.00459
3.05                      1.0045
3.06                      1.00441
3.07                      1.00432
3.08                      1.00423
3.09                      1.00415
3.1                      1.00407
3.11                      1.00399
3.12                      1.00391
3.13                      1.00383
3.14                      1.00375
3.15                      1.00368
3.16                      1.00361
3.17                      1.00353
3.18                      1.00346
3.19                      1.0034
3.2                      1.00333
3.21                      1.00326
3.22                      1.0032
3.23                      1.00313
3.24                      1.00307
3.25                      1.00301
3.26                      1.00295
3.27                      1.00289
3.28                      1.00284
3.29                      1.00278
3.3                      1.00272
3.31                      1.00267
3.32                      1.00262
3.33                      1.00257
3.34                      1.00251
3.35                      1.00246
3.36                      1.00242
3.37                      1.00237
3.38                      1.00232
3.39                      1.00228
3.4                      1.00223
3.41                      1.00219
3.42                      1.00214
3.43                      1.0021
3.44                      1.00206
3.45                      1.00202
3.46                      1.00198
3.47                      1.00194
3.48                      1.0019
3.49                      1.00186
3.5                      1.00183
3.51                      1.00179
3.52                      1.00175
3.53                      1.00172
3.54                      1.00168
3.55                      1.00165
3.56                      1.00162
3.57                      1.00159
3.58                      1.00156
3.59                      1.00152
3.6                      1.00149
3.61                      1.00146
3.62                      1.00144
3.63                      1.00141
3.64                      1.00138
3.65                      1.00135
3.66                      1.00133
3.67                      1.0013
3.68                      1.00127
3.69                      1.00125
3.7                      1.00122
3.71                      1.0012
3.72                      1.00118
3.73                      1.00115
3.74                      1.00113
3.75                      1.00111
3.76                      1.00108
3.77                      1.00106
3.78                      1.00104
3.79                      1.00102
3.8                      1.001
3.81                      1.00098
3.82                      1.00096
3.83                      1.00094
3.84                      1.00092
3.85                      1.00091
3.86                      1.00089
3.87                      1.00087
3.88                      1.00085
3.89                      1.00084
3.9                      1.00082
3.91                      1.0008
3.92                      1.00079
3.93                      1.00077
3.94                      1.00076
3.95                      1.00074
3.96                      1.00073
3.97                      1.00071
3.98                      1.0007
3.99                      1.00068
4                      1.00067
4.01                      1.00066
4.02                      1.00064
4.03                      1.00063
4.04                      1.00062
4.05                      1.00061
4.06                      1.0006
4.07                      1.00058
4.08                      1.00057
4.09                      1.00056
4.1                      1.00055
4.11                      1.00054
4.12                      1.00053
4.13                      1.00052
4.14                      1.00051
4.15                      1.0005
4.16                      1.00049
4.17                      1.00048
4.18                      1.00047
4.19                      1.00046
4.2                      1.00045
4.21                      1.00044
4.22                      1.00043
4.23                      1.00042
4.24                      1.00042
4.25                      1.00041
4.26                      1.0004
4.27                      1.00039
4.28                      1.00038
4.29                      1.00038
4.3                      1.00037
4.31                      1.00036
4.32                      1.00035
4.33                      1.00035
4.34                      1.00034
4.35                      1.00033
4.36                      1.00033
4.37                      1.00032
4.38                      1.00031
4.39                      1.00031
4.4                      1.0003
4.41                      1.0003
4.42                      1.00029
4.43                      1.00028
4.44                      1.00028
4.45                      1.00027
4.46                      1.00027
4.47                      1.00026
4.48                      1.00026
4.49                      1.00025
4.5                      1.00025
4.51                      1.00024
4.52                      1.00024
4.53                      1.00023
4.54                      1.00023
4.55                      1.00022
4.56                      1.00022
4.57                      1.00021
4.58                      1.00021
4.59                      1.00021
4.6                      1.0002
4.61                      1.0002
4.62                      1.00019
4.63                      1.00019
4.64                      1.00019
4.65                      1.00018
4.66                      1.00018
4.67                      1.00018
4.68                      1.00017
4.69                      1.00017
4.7                      1.00017
4.71                      1.00016
4.72                      1.00016
4.73                      1.00016
4.74                      1.00015
4.75                      1.00015
4.76                      1.00015
4.77                      1.00014
4.78                      1.00014
4.79                      1.00014
4.8                      1.00014
4.81                      1.00013
4.82                      1.00013
4.83                      1.00013
4.84                      1.00013
4.85                      1.00012
4.86                      1.00012
4.87                      1.00012
4.88                      1.00012
4.89                      1.00011
4.9                      1.00011
4.91                      1.00011
4.92                      1.00011
4.93                      1.0001
4.94                      1.0001
4.95                      1.0001
4.96                      1.0001
4.97                      1.0001
4.98                      1.00009
4.99                      1.00009
5                      1.00009
5.01                      1.00009
5.02                      1.00009
5.03                      1.00009
5.04                      1.00008
5.05                      1.00008
5.06                      1.00008
5.07                      1.00008
5.08                      1.00008
5.09                      1.00008
5.1                      1.00007
5.11                      1.00007
5.12                      1.00007
5.13                      1.00007
5.14                      1.00007
5.15                      1.00007
5.16                      1.00007
5.17                      1.00006
5.18                      1.00006
5.19                      1.00006
5.2                      1.00006
5.21                      1.00006
5.22                      1.00006
5.23                      1.00006
5.24                      1.00006
5.25                      1.00006
5.26                      1.00005
5.27                      1.00005
5.28                      1.00005
5.29                      1.00005
5.3                      1.00005
5.31                      1.00005
5.32                      1.00005
5.33                      1.00005
5.34                      1.00005
5.35                      1.00005
5.36                      1.00004
5.37                      1.00004
5.38                      1.00004
5.39                      1.00004
5.4                      1.00004
5.41                      1.00004
5.42                      1.00004
5.43                      1.00004
5.44                      1.00004
5.45                      1.00004
5.46                      1.00004
5.47                      1.00004
5.48                      1.00003
5.49                      1.00003
5.5                      1.00003
5.51                      1.00003
5.52                      1.00003
5.53                      1.00003
5.54                      1.00003
5.55                      1.00003
5.56                      1.00003
5.57                      1.00003
5.58                      1.00003
5.59                      1.00003
5.6                      1.00003
5.61                      1.00003
5.62                      1.00003
5.63                      1.00003
5.64                      1.00003
5.65                      1.00002
5.66                      1.00002
5.67                      1.00002
5.68                      1.00002
5.69                      1.00002
5.7                      1.00002
5.71                      1.00002
5.72                      1.00002
5.73                      1.00002
5.74                      1.00002
5.75                      1.00002
5.76                      1.00002
5.77                      1.00002
5.78                      1.00002
5.79                      1.00002
5.8                      1.00002
5.81                      1.00002
5.82                      1.00002
5.83                      1.00002
5.84                      1.00002
5.85                      1.00002
5.86                      1.00002
5.87                      1.00002
5.88                      1.00002
5.89                      1.00002
5.9                      1.00002
5.91                      1.00001
5.92                      1.00001
5.93                      1.00001
5.94                      1.00001
5.95                      1.00001
5.96                      1.00001
5.97                      1.00001
5.98                      1.00001
5.99                      1.00001
6                      1.00001
6.01                      1.00001
6.02                      1.00001
6.03                      1.00001
6.04                      1.00001
6.05                      1.00001
6.06                      1.00001
6.07                      1.00001
6.08                      1.00001
6.09                      1.00001
6.1                      1.00001
6.11                      1.00001
6.12                      1.00001
6.13                      1.00001
6.14                      1.00001
6.15                      1.00001
6.16                      1.00001
6.17                      1.00001
6.18                      1.00001
6.19                      1.00001
6.2                      1.00001
6.21                      1.00001
6.22                      1.00001
6.23                      1.00001
6.24                      1.00001
6.25                      1.00001
6.26                      1.00001
6.27                      1.00001
6.28                      1.00001
6.29                      1.00001
6.3                      1.00001
6.31                      1.00001
6.32                      1.00001
6.33                      1.00001
6.34                      1.00001
6.35                      1.00001
6.36                      1.00001
6.37                      1.00001
6.38                      1.00001
6.39                      1.00001
6.4                      1.00001
6.41                      1.00001
6.42                      1.00001
6.43                      1.00001
6.44                      1.00001
6.45                      1
6.46                      1
6.47                      1
6.48                      1
6.49                      1
6.5                      1
6.51                      1
6.52                      1
6.53                      1
6.54                      1
6.55                      1
6.56                      1
6.57                      1
6.58                      1
6.59                      1
6.6                      1
6.61                      1
6.62                      1
6.63                      1
6.64                      1
6.65                      1
6.66                      1
6.67                      1
6.68                      1
6.69                      1
6.7                      1
6.71                      1
6.72                      1
6.73                      1
6.74                      1
6.75                      1
6.76                      1
6.77                      1
6.78                      1
6.79                      1
6.8                      1
6.81                      1
6.82                      1
6.83                      1
6.84                      1
6.85                      1
6.86                      1
6.87                      1
6.88                      1
6.89                      1
6.9                      1
6.91                      1
6.92                      1
6.93                      1
6.94                      1
6.95                      1
6.96                      1
6.97                      1
6.98                      1
6.99                      1
7                      1
7.01                      1
7.02                      1
7.03                      1
7.04                      1
7.05                      1
7.06                      1
7.07                      1
7.08                      1
7.09                      1
7.1                      1
7.11                      1
7.12                      1
7.13                      1
7.14                      1
7.15                      1
7.16                      1
7.17                      1
7.18                      1
7.19                      1
7.2                      1
7.21                      1
7.22                      1
7.23                      1
7.24                      1
7.25                      1
7.26                      1
7.27                      1
7.28                      1
7.29                      1
7.3                      1
7.31                      1
7.32                      1
7.33                      1
7.34                      1
7.35                      1
7.36                      1
7.37                      1
7.38                      1
7.39                      1
7.4                      1
7.41                      1
7.42                      1
7.43                      1
7.44                      1
7.45                      1
7.46                      1
7.47                      1
7.48                      1
7.49                      1
7.5                      1
7.51                      1
7.52                      1
7.53                      1
7.54                      1
7.55                      1
7.56                      1
7.57                      1
7.58                      1
7.59                      1
7.6                      1
7.61                      1
7.62                      1
7.63                      1
7.64                      1
7.65                      1
7.66                      1
7.67                      1
7.68                      1
7.69                      1
7.7                      1
7.71                      1
7.72                      1
7.73                      1
7.74                      1
7.75                      1
7.76                      1
7.77                      1
7.78                      1
7.79                      1
7.8                      1
7.81                      1
7.82                      1
7.83                      1
7.84                      1
7.85                      1
7.86                      1
7.87                      1
7.88                      1
7.89                      1
7.9                      1
7.91                      1
7.92                      1
7.93                      1
7.94                      1
7.95                      1
7.96                      1
7.97                      1
7.98                      1
7.99                      1
8                      1
8.01                      1
8.02                      1
8.03                      1
8.04                      1
8.05                      1
8.06                      1
8.07                      1
8.08                      1
8.09                      1
8.1                      1
8.11                      1
8.12                      1
8.13                      1
8.14                      1
8.15                      1
8.16                      1
8.17                      1
8.18                      1
8.19                      1
8.2                      1
8.21                      1
8.22                      1
8.23                      1
8.24                      1
8.25                      1
8.26                      1
8.27                      1
8.28                      1
8.29                      1
8.3                      1
8.31                      1
8.32                      1
8.33                      1
8.34                      1
8.35                      1
8.36                      1
8.37                      1
8.38                      1
8.39                      1
8.4                      1
8.41                      1
8.42                      1
8.43                      1
8.44                      1
8.45                      1
8.46                      1
8.47                      1
8.48                      1
8.49                      1
8.5                      1
8.51                      1
8.52                      1
8.53                      1
8.54                      1
8.55                      1
8.56                      1
8.57                      1
8.58                      1
8.59                      1
8.6                      1
8.61                      1
8.62                      1
8.63                      1
8.64                      1
8.65                      1
8.66                      1
8.67                      1
8.68                      1
8.69                      1
8.7                      1
8.71                      1
8.72                      1
8.73                      1
8.74                      1
8.75                      1
8.76                      1
8.77                      1
8.78                      1
8.79                      1
8.8                      1
8.81                      1
8.82                      1
8.83                      1
8.84                      1
8.85                      1
8.86                      1
8.87                      1
8.88                      1
8.89                      1
8.9                      1
8.91                      1
8.92                      1
8.93                      1
8.94                      1
8.95                      1
8.96                      1
8.97                      1
8.98                      1
8.99                      1
9                      1
9.01                      1
9.02                      1
9.03                      1
9.04                      1
9.05                      1
9.06                      1
9.07                      1
9.08                      1
9.09                      1
9.1                      1
9.11                      1
9.12                      1
9.13                      1
9.14                      1
9.15                      1
9.16                      1
9.17                      1
9.18                      1
9.19                      1
9.2                      1
9.21                      1
9.22                      1
9.23                      1
9.24                      1
9.25                      1
9.26                      1
9.27                      1
9.28                      1
9.29                      1
9.3                      1
9.31                      1
9.32                      1
9.33                      1
9.34                      1
9.35                      1
9.36                      1
9.37                      1
9.38                      1
9.39                      1
9.4                      1
9.41                      1
9.42                      1
9.43                      1
9.44                      1
9.45                      1
9.46                      1
9.47                      1
9.48                      1
9.49                      1
9.5                      1
9.51                      1
9.52                      1
9.53                      1
9.54                      1
9.55                      1
9.56                      1
9.57                      1
9.58                      1
9.59                      1
9.6                      1
9.61                      1
9.62                      1
9.63                      1
9.64                      1
9.65                      1
9.66                      1
9.67                      1
9.68                      1
9.69                      1
9.7                      1
9.71                      1
9.72                      1
9.73                      1
9.74                      1
9.75                      1
9.76                      1
9.77                      1
9.78                      1
9.79                      1
9.8                      1
9.81                      1
9.82                      1
9.83                      1
9.84                      1
9.85                      1
9.86                      1
9.87                      1
9.88                      1
9.89                      1
9.9                      1
9.91                      1
9.92                      1
9.93                      1
9.94                      1
9.95                      1
9.96                      1
9.97                      1
9.98                      1
9.99                      1
