-10                      9.07999e-05
-9.99                      9.17124e-05
-9.98                      9.26341e-05
-9.97                      9.35651e-05
-9.96                      9.45055e-05
-9.95                      9.54553e-05
-9.94                      9.64146e-05
-9.93                      9.73836e-05
-9.92                      9.83623e-05
-9.91                      9.93509e-05
-9.9                      0.000100349
-9.89                      0.000101358
-9.88                      0.000102377
-9.87                      0.000103405
-9.86                      0.000104445
-9.85                      0.000105494
-9.84                      0.000106555
-9.83                      0.000107626
-9.82                      0.000108707
-9.81                      0.0001098
-9.8                      0.000110903
-9.79                      0.000112018
-9.78                      0.000113144
-9.77                      0.000114281
-9.76                      0.000115429
-9.75                      0.000116589
-9.74                      0.000117761
-9.73                      0.000118945
-9.72                      0.00012014
-9.71                      0.000121347
-9.7                      0.000122567
-9.69                      0.000123799
-9.68                      0.000125043
-9.67                      0.0001263
-9.66                      0.000127569
-9.65                      0.000128851
-9.64                      0.000130146
-9.63                      0.000131454
-9.62                      0.000132775
-9.61                      0.00013411
-9.6                      0.000135457
-9.59                      0.000136819
-9.58                      0.000138194
-9.57                      0.000139583
-9.56                      0.000140986
-9.55                      0.000142403
-9.54                      0.000143834
-9.53                      0.000145279
-9.52                      0.000146739
-9.51                      0.000148214
-9.5                      0.000149704
-9.49                      0.000151208
-9.48                      0.000152728
-9.47                      0.000154263
-9.46                      0.000155813
-9.45                      0.000157379
-9.44                      0.000158961
-9.43                      0.000160558
-9.42                      0.000162172
-9.41                      0.000163802
-9.4                      0.000165448
-9.39                      0.000167111
-9.38                      0.00016879
-9.37                      0.000170487
-9.36                      0.0001722
-9.35                      0.000173931
-9.34                      0.000175679
-9.33                      0.000177444
-9.32                      0.000179228
-9.31                      0.000181029
-9.3                      0.000182848
-9.29                      0.000184686
-9.28                      0.000186542
-9.27                      0.000188417
-9.26                      0.000190311
-9.25                      0.000192223
-9.24                      0.000194155
-9.23                      0.000196106
-9.22                      0.000198077
-9.21                      0.000200068
-9.2                      0.000202079
-9.19                      0.00020411
-9.18                      0.000206161
-9.17                      0.000208233
-9.16                      0.000210326
-9.15                      0.00021244
-9.14                      0.000214575
-9.13                      0.000216731
-9.12                      0.000218909
-9.11                      0.000221109
-9.1                      0.000223332
-9.09                      0.000225576
-9.08                      0.000227843
-9.07                      0.000230133
-9.06                      0.000232446
-9.05                      0.000234782
-9.04                      0.000237142
-9.03                      0.000239525
-9.02                      0.000241932
-9.01                      0.000244364
-9                      0.00024682
-8.99                      0.0002493
-8.98                      0.000251806
-8.97                      0.000254336
-8.96                      0.000256892
-8.95                      0.000259474
-8.94                      0.000262082
-8.93                      0.000264716
-8.92                      0.000267376
-8.91                      0.000270064
-8.9                      0.000272778
-8.89                      0.000275519
-8.88                      0.000278288
-8.87                      0.000281085
-8.86                      0.00028391
-8.85                      0.000286763
-8.84                      0.000289645
-8.83                      0.000292556
-8.82                      0.000295497
-8.81                      0.000298466
-8.8                      0.000301466
-8.79                      0.000304496
-8.78                      0.000307556
-8.77                      0.000310647
-8.76                      0.000313769
-8.75                      0.000316923
-8.74                      0.000320108
-8.73                      0.000323325
-8.72                      0.000326574
-8.71                      0.000329856
-8.7                      0.000333172
-8.69                      0.00033652
-8.68                      0.000339902
-8.67                      0.000343318
-8.66                      0.000346769
-8.65                      0.000350254
-8.64                      0.000353774
-8.63                      0.000357329
-8.62                      0.00036092
-8.61                      0.000364548
-8.6                      0.000368212
-8.59                      0.000371912
-8.58                      0.00037565
-8.57                      0.000379425
-8.56                      0.000383239
-8.55                      0.00038709
-8.54                      0.00039098
-8.53                      0.00039491
-8.52                      0.000398879
-8.51                      0.000402888
-8.5                      0.000406937
-8.49                      0.000411026
-8.48                      0.000415157
-8.47                      0.00041933
-8.46                      0.000423544
-8.45                      0.000427801
-8.44                      0.0004321
-8.43                      0.000436443
-8.42                      0.000440829
-8.41                      0.00044526
-8.4                      0.000449735
-8.39                      0.000454255
-8.38                      0.00045882
-8.37                      0.000463431
-8.36                      0.000468089
-8.35                      0.000472793
-8.34                      0.000477545
-8.33                      0.000482344
-8.32                      0.000487192
-8.31                      0.000492088
-8.3                      0.000497034
-8.29                      0.000502029
-8.28                      0.000507074
-8.27                      0.000512171
-8.26                      0.000517318
-8.25                      0.000522517
-8.24                      0.000527768
-8.23                      0.000533073
-8.22                      0.00053843
-8.21                      0.000543841
-8.2                      0.000549307
-8.19                      0.000554828
-8.18                      0.000560404
-8.17                      0.000566036
-8.16                      0.000571725
-8.15                      0.000577471
-8.14                      0.000583274
-8.13                      0.000589136
-8.12                      0.000595057
-8.11                      0.000601038
-8.1                      0.000607078
-8.09                      0.000613179
-8.08                      0.000619342
-8.07                      0.000625566
-8.06                      0.000631854
-8.05                      0.000638204
-8.04                      0.000644618
-8.03                      0.000651096
-8.02                      0.00065764
-8.01                      0.000664249
-8                      0.000670925
-7.99                      0.000677668
-7.98                      0.000684479
-7.97                      0.000691358
-7.96                      0.000698306
-7.95                      0.000705324
-7.94                      0.000712413
-7.93                      0.000719573
-7.92                      0.000726805
-7.91                      0.000734109
-7.9                      0.000741487
-7.89                      0.000748939
-7.88                      0.000756466
-7.87                      0.000764069
-7.86                      0.000771748
-7.85                      0.000779504
-7.84                      0.000787338
-7.83                      0.000795251
-7.82                      0.000803243
-7.81                      0.000811316
-7.8                      0.00081947
-7.79                      0.000827706
-7.78                      0.000836024
-7.77                      0.000844426
-7.76                      0.000852913
-7.75                      0.000861485
-7.74                      0.000870143
-7.73                      0.000878888
-7.72                      0.000887721
-7.71                      0.000896643
-7.7                      0.000905654
-7.69                      0.000914756
-7.68                      0.00092395
-7.67                      0.000933235
-7.66                      0.000942615
-7.65                      0.000952088
-7.64                      0.000961657
-7.63                      0.000971321
-7.62                      0.000981083
-7.61                      0.000990943
-7.6                      0.0010009
-7.59                      0.00101096
-7.58                      0.00102112
-7.57                      0.00103138
-7.56                      0.00104175
-7.55                      0.00105222
-7.54                      0.00106279
-7.53                      0.00107348
-7.52                      0.00108426
-7.51                      0.00109516
-7.5                      0.00110617
-7.49                      0.00111729
-7.48                      0.00112851
-7.47                      0.00113986
-7.46                      0.00115131
-7.45                      0.00116288
-7.44                      0.00117457
-7.43                      0.00118637
-7.42                      0.0011983
-7.41                      0.00121034
-7.4                      0.00122251
-7.39                      0.00123479
-7.38                      0.0012472
-7.37                      0.00125974
-7.36                      0.0012724
-7.35                      0.00128518
-7.34                      0.0012981
-7.33                      0.00131115
-7.32                      0.00132432
-7.31                      0.00133763
-7.3                      0.00135108
-7.29                      0.00136466
-7.28                      0.00137837
-7.27                      0.00139222
-7.26                      0.00140622
-7.25                      0.00142035
-7.24                      0.00143462
-7.23                      0.00144904
-7.22                      0.0014636
-7.21                      0.00147831
-7.2                      0.00149317
-7.19                      0.00150818
-7.18                      0.00152333
-7.17                      0.00153864
-7.16                      0.00155411
-7.15                      0.00156973
-7.14                      0.0015855
-7.13                      0.00160144
-7.12                      0.00161753
-7.11                      0.00163379
-7.1                      0.00165021
-7.09                      0.00166679
-7.08                      0.00168355
-7.07                      0.00170046
-7.06                      0.00171755
-7.05                      0.00173482
-7.04                      0.00175225
-7.03                      0.00176986
-7.02                      0.00178765
-7.01                      0.00180562
-7                      0.00182376
-6.99                      0.00184209
-6.98                      0.0018606
-6.97                      0.0018793
-6.96                      0.00189819
-6.95                      0.00191727
-6.94                      0.00193654
-6.93                      0.001956
-6.92                      0.00197566
-6.91                      0.00199551
-6.9                      0.00201557
-6.89                      0.00203583
-6.88                      0.00205629
-6.87                      0.00207695
-6.86                      0.00209783
-6.85                      0.00211891
-6.84                      0.0021402
-6.83                      0.00216171
-6.82                      0.00218344
-6.81                      0.00220538
-6.8                      0.00222755
-6.79                      0.00224993
-6.78                      0.00227255
-6.77                      0.00229539
-6.76                      0.00231846
-6.75                      0.00234176
-6.74                      0.00236529
-6.73                      0.00238906
-6.72                      0.00241307
-6.71                      0.00243732
-6.7                      0.00246182
-6.69                      0.00248656
-6.68                      0.00251155
-6.67                      0.00253679
-6.66                      0.00256229
-6.65                      0.00258804
-6.64                      0.00261405
-6.63                      0.00264032
-6.62                      0.00266686
-6.61                      0.00269366
-6.6                      0.00272073
-6.59                      0.00274807
-6.58                      0.00277569
-6.57                      0.00280359
-6.56                      0.00283177
-6.55                      0.00286023
-6.54                      0.00288897
-6.53                      0.00291801
-6.52                      0.00294733
-6.51                      0.00297695
-6.5                      0.00300687
-6.49                      0.00303709
-6.48                      0.00306761
-6.47                      0.00309844
-6.46                      0.00312958
-6.45                      0.00316104
-6.44                      0.00319281
-6.43                      0.00322489
-6.42                      0.0032573
-6.41                      0.00329004
-6.4                      0.00332311
-6.39                      0.0033565
-6.38                      0.00339024
-6.37                      0.00342431
-6.36                      0.00345872
-6.35                      0.00349348
-6.34                      0.00352859
-6.33                      0.00356406
-6.32                      0.00359988
-6.31                      0.00363605
-6.3                      0.0036726
-6.29                      0.00370951
-6.28                      0.00374679
-6.27                      0.00378444
-6.26                      0.00382248
-6.25                      0.00386089
-6.24                      0.0038997
-6.23                      0.00393889
-6.22                      0.00397847
-6.21                      0.00401846
-6.2                      0.00405884
-6.19                      0.00409964
-6.18                      0.00414084
-6.17                      0.00418245
-6.16                      0.00422449
-6.15                      0.00426694
-6.14                      0.00430983
-6.13                      0.00435314
-6.12                      0.00439689
-6.11                      0.00444108
-6.1                      0.00448571
-6.09                      0.00453079
-6.08                      0.00457633
-6.07                      0.00462232
-6.06                      0.00466878
-6.05                      0.0047157
-6.04                      0.00476309
-6.03                      0.00481096
-6.02                      0.00485931
-6.01                      0.00490815
-6                      0.00495747
-5.99                      0.0050073
-5.98                      0.00505762
-5.97                      0.00510845
-5.96                      0.00515979
-5.95                      0.00521165
-5.94                      0.00526402
-5.93                      0.00531693
-5.92                      0.00537036
-5.91                      0.00542433
-5.9                      0.00547885
-5.89                      0.00553391
-5.88                      0.00558953
-5.87                      0.0056457
-5.86                      0.00570244
-5.85                      0.00575975
-5.84                      0.00581764
-5.83                      0.0058761
-5.82                      0.00593516
-5.81                      0.00599481
-5.8                      0.00605505
-5.79                      0.00611591
-5.78                      0.00617737
-5.77                      0.00623945
-5.76                      0.00630216
-5.75                      0.0063655
-5.74                      0.00642947
-5.73                      0.00649409
-5.72                      0.00655935
-5.71                      0.00662527
-5.7                      0.00669186
-5.69                      0.00675911
-5.68                      0.00682704
-5.67                      0.00689565
-5.66                      0.00696495
-5.65                      0.00703495
-5.64                      0.00710565
-5.63                      0.00717706
-5.62                      0.00724919
-5.61                      0.00732204
-5.6                      0.00739563
-5.59                      0.00746995
-5.58                      0.00754502
-5.57                      0.00762085
-5.56                      0.00769744
-5.55                      0.0077748
-5.54                      0.00785293
-5.53                      0.00793185
-5.52                      0.00801157
-5.51                      0.00809208
-5.5                      0.00817341
-5.49                      0.00825555
-5.48                      0.00833851
-5.47                      0.00842231
-5.46                      0.00850696
-5.45                      0.00859245
-5.44                      0.0086788
-5.43                      0.00876602
-5.42                      0.00885412
-5.41                      0.0089431
-5.4                      0.00903298
-5.39                      0.00912376
-5.38                      0.00921545
-5.37                      0.00930806
-5.36                      0.0094016
-5.35                      0.00949609
-5.34                      0.00959152
-5.33                      0.00968791
-5.32                      0.00978527
-5.31                      0.00988361
-5.3                      0.00998294
-5.29                      0.0100833
-5.28                      0.0101846
-5.27                      0.0102869
-5.26                      0.0103903
-5.25                      0.0104947
-5.24                      0.0106002
-5.23                      0.0107067
-5.22                      0.0108143
-5.21                      0.010923
-5.2                      0.0110328
-5.19                      0.0111437
-5.18                      0.0112557
-5.17                      0.0113688
-5.16                      0.011483
-5.15                      0.0115984
-5.14                      0.011715
-5.13                      0.0118327
-5.12                      0.0119516
-5.11                      0.0120717
-5.1                      0.012193
-5.09                      0.0123156
-5.08                      0.0124393
-5.07                      0.0125643
-5.06                      0.0126906
-5.05                      0.0128181
-5.04                      0.012947
-5.03                      0.0130771
-5.02                      0.0132085
-5.01                      0.0133412
-5                      0.0134753
-4.99                      0.0136107
-4.98                      0.0137475
-4.97                      0.0138856
-4.96                      0.0140252
-4.95                      0.0141661
-4.94                      0.0143085
-4.93                      0.0144523
-4.92                      0.0145975
-4.91                      0.0147442
-4.9                      0.0148923
-4.89                      0.015042
-4.88                      0.0151932
-4.87                      0.0153458
-4.86                      0.0155
-4.85                      0.0156558
-4.84                      0.0158131
-4.83                      0.015972
-4.82                      0.0161325
-4.81                      0.0162946
-4.8                      0.0164584
-4.79                      0.0166238
-4.78                      0.0167908
-4.77                      0.0169595
-4.76                      0.01713
-4.75                      0.0173021
-4.74                      0.017476
-4.73                      0.0176516
-4.72                      0.0178289
-4.71                      0.0180081
-4.7                      0.018189
-4.69                      0.0183718
-4.68                      0.0185564
-4.67                      0.0187429
-4.66                      0.0189312
-4.65                      0.0191215
-4.64                      0.0193136
-4.63                      0.0195077
-4.62                      0.0197037
-4.61                      0.0199017
-4.6                      0.0201016
-4.59                      0.0203036
-4.58                      0.0205076
-4.57                      0.0207137
-4.56                      0.0209218
-4.55                      0.021132
-4.54                      0.0213444
-4.53                      0.0215588
-4.52                      0.0217755
-4.51                      0.0219943
-4.5                      0.0222153
-4.49                      0.0224385
-4.48                      0.0226639
-4.47                      0.0228916
-4.46                      0.0231216
-4.45                      0.0233539
-4.44                      0.0235886
-4.43                      0.0238256
-4.42                      0.024065
-4.41                      0.0243068
-4.4                      0.024551
-4.39                      0.0247976
-4.38                      0.0250468
-4.37                      0.0252984
-4.36                      0.0255526
-4.35                      0.0258093
-4.34                      0.0260686
-4.33                      0.0263305
-4.32                      0.0265951
-4.31                      0.0268623
-4.3                      0.0271321
-4.29                      0.0274047
-4.28                      0.02768
-4.27                      0.0279581
-4.26                      0.028239
-4.25                      0.0285227
-4.24                      0.0288092
-4.23                      0.0290986
-4.22                      0.0293909
-4.21                      0.0296862
-4.2                      0.0299844
-4.19                      0.0302856
-4.18                      0.0305899
-4.17                      0.0308971
-4.16                      0.0312075
-4.15                      0.031521
-4.14                      0.0318376
-4.13                      0.0321574
-4.12                      0.0324805
-4.11                      0.0328067
-4.1                      0.0331362
-4.09                      0.0334691
-4.08                      0.0338053
-4.07                      0.0341448
-4.06                      0.0344878
-4.05                      0.0348342
-4.04                      0.035184
-4.03                      0.0355374
-4.02                      0.0358944
-4.01                      0.0362549
-4                      0.036619
-3.99                      0.0369868
-3.98                      0.0373582
-3.97                      0.0377334
-3.96                      0.0381124
-3.95                      0.0384951
-3.94                      0.0388817
-3.93                      0.0392722
-3.92                      0.0396666
-3.91                      0.0400649
-3.9                      0.0404672
-3.89                      0.0408736
-3.88                      0.041284
-3.87                      0.0416986
-3.86                      0.0421173
-3.85                      0.0425402
-3.84                      0.0429674
-3.83                      0.0433988
-3.82                      0.0438345
-3.81                      0.0442746
-3.8                      0.0447192
-3.79                      0.0451681
-3.78                      0.0456216
-3.77                      0.0460796
-3.76                      0.0465422
-3.75                      0.0470095
-3.74                      0.0474814
-3.73                      0.0479581
-3.72                      0.0484395
-3.71                      0.0489257
-3.7                      0.0494168
-3.69                      0.0499129
-3.68                      0.0504139
-3.67                      0.0509199
-3.66                      0.051431
-3.65                      0.0519472
-3.64                      0.0524685
-3.63                      0.0529951
-3.62                      0.053527
-3.61                      0.0540641
-3.6                      0.0546067
-3.59                      0.0551546
-3.58                      0.0557081
-3.57                      0.0562671
-3.56                      0.0568317
-3.55                      0.0574019
-3.54                      0.0579778
-3.53                      0.0585595
-3.52                      0.059147
-3.51                      0.0597404
-3.5                      0.0603397
-3.49                      0.060945
-3.48                      0.0615564
-3.47                      0.0621739
-3.46                      0.0627975
-3.45                      0.0634273
-3.44                      0.0640635
-3.43                      0.064706
-3.42                      0.0653549
-3.41                      0.0660103
-3.4                      0.0666723
-3.39                      0.0673408
-3.38                      0.0680161
-3.37                      0.068698
-3.36                      0.0693868
-3.35                      0.0700824
-3.34                      0.070785
-3.33                      0.0714946
-3.32                      0.0722113
-3.31                      0.0729351
-3.3                      0.0736661
-3.29                      0.0744044
-3.28                      0.0751501
-3.27                      0.0759032
-3.26                      0.0766638
-3.25                      0.077432
-3.24                      0.0782078
-3.23                      0.0789914
-3.22                      0.0797827
-3.21                      0.080582
-3.2                      0.0813892
-3.19                      0.0822044
-3.18                      0.0830277
-3.17                      0.0838592
-3.16                      0.084699
-3.15                      0.0855472
-3.14                      0.0864037
-3.13                      0.0872688
-3.12                      0.0881425
-3.11                      0.0890248
-3.1                      0.0899159
-3.09                      0.0908159
-3.08                      0.0917248
-3.07                      0.0926427
-3.06                      0.0935697
-3.05                      0.0945059
-3.04                      0.0954514
-3.03                      0.0964062
-3.02                      0.0973705
-3.01                      0.0983444
-3                      0.0993279
-2.99                      0.100321
-2.98                      0.101324
-2.97                      0.102337
-2.96                      0.10336
-2.95                      0.104393
-2.94                      0.105437
-2.93                      0.10649
-2.92                      0.107555
-2.91                      0.108629
-2.9                      0.109714
-2.89                      0.11081
-2.88                      0.111917
-2.87                      0.113034
-2.86                      0.114163
-2.85                      0.115303
-2.84                      0.116454
-2.83                      0.117616
-2.82                      0.11879
-2.81                      0.119975
-2.8                      0.121172
-2.79                      0.122381
-2.78                      0.123601
-2.77                      0.124834
-2.76                      0.126078
-2.75                      0.127335
-2.74                      0.128604
-2.73                      0.129886
-2.72                      0.13118
-2.71                      0.132487
-2.7                      0.133807
-2.69                      0.135139
-2.68                      0.136485
-2.67                      0.137843
-2.66                      0.139215
-2.65                      0.140601
-2.64                      0.141999
-2.63                      0.143412
-2.62                      0.144838
-2.61                      0.146278
-2.6                      0.147732
-2.59                      0.1492
-2.58                      0.150683
-2.57                      0.15218
-2.56                      0.153691
-2.55                      0.155217
-2.54                      0.156758
-2.53                      0.158313
-2.52                      0.159884
-2.51                      0.16147
-2.5                      0.163071
-2.49                      0.164688
-2.48                      0.16632
-2.47                      0.167968
-2.46                      0.169632
-2.45                      0.171311
-2.44                      0.173007
-2.43                      0.174719
-2.42                      0.176448
-2.41                      0.178193
-2.4                      0.179955
-2.39                      0.181734
-2.38                      0.183529
-2.37                      0.185342
-2.36                      0.187172
-2.35                      0.189019
-2.34                      0.190884
-2.33                      0.192767
-2.32                      0.194667
-2.31                      0.196586
-2.3                      0.198522
-2.29                      0.200477
-2.28                      0.20245
-2.27                      0.204442
-2.26                      0.206453
-2.25                      0.208482
-2.24                      0.210531
-2.23                      0.212599
-2.22                      0.214686
-2.21                      0.216792
-2.2                      0.218919
-2.19                      0.221065
-2.18                      0.223231
-2.17                      0.225417
-2.16                      0.227623
-2.15                      0.22985
-2.14                      0.232097
-2.13                      0.234365
-2.12                      0.236654
-2.11                      0.238963
-2.1                      0.241294
-2.09                      0.243647
-2.08                      0.246021
-2.07                      0.248416
-2.06                      0.250833
-2.05                      0.253272
-2.04                      0.255734
-2.03                      0.258217
-2.02                      0.260723
-2.01                      0.263251
-2                      0.265802
-1.99                      0.268376
-1.98                      0.270973
-1.97                      0.273593
-1.96                      0.276236
-1.95                      0.278903
-1.94                      0.281593
-1.93                      0.284307
-1.92                      0.287044
-1.91                      0.289806
-1.9                      0.292592
-1.89                      0.295402
-1.88                      0.298236
-1.87                      0.301095
-1.86                      0.303979
-1.85                      0.306887
-1.84                      0.30982
-1.83                      0.312779
-1.82                      0.315762
-1.81                      0.318771
-1.8                      0.321805
-1.79                      0.324865
-1.78                      0.32795
-1.77                      0.331061
-1.76                      0.334198
-1.75                      0.33736
-1.74                      0.340549
-1.73                      0.343764
-1.72                      0.347006
-1.71                      0.350273
-1.7                      0.353567
-1.69                      0.356888
-1.68                      0.360235
-1.67                      0.363609
-1.66                      0.36701
-1.65                      0.370437
-1.64                      0.373891
-1.63                      0.377372
-1.62                      0.380881
-1.61                      0.384416
-1.6                      0.387978
-1.59                      0.391568
-1.58                      0.395184
-1.57                      0.398828
-1.56                      0.402499
-1.55                      0.406197
-1.54                      0.409922
-1.53                      0.413675
-1.52                      0.417455
-1.51                      0.421262
-1.5                      0.425096
-1.49                      0.428957
-1.48                      0.432846
-1.47                      0.436761
-1.46                      0.440704
-1.45                      0.444673
-1.44                      0.44867
-1.43                      0.452693
-1.42                      0.456743
-1.41                      0.460819
-1.4                      0.464922
-1.39                      0.469051
-1.38                      0.473207
-1.37                      0.477389
-1.36                      0.481596
-1.35                      0.48583
-1.34                      0.490089
-1.33                      0.494374
-1.32                      0.498684
-1.31                      0.503019
-1.3                      0.507379
-1.29                      0.511763
-1.28                      0.516172
-1.27                      0.520605
-1.26                      0.525062
-1.25                      0.529542
-1.24                      0.534046
-1.23                      0.538572
-1.22                      0.543121
-1.21                      0.547693
-1.2                      0.552286
-1.19                      0.556901
-1.18                      0.561537
-1.17                      0.566194
-1.16                      0.570871
-1.15                      0.575568
-1.14                      0.580284
-1.13                      0.585019
-1.12                      0.589773
-1.11                      0.594545
-1.1                      0.599334
-1.09                      0.60414
-1.08                      0.608962
-1.07                      0.6138
-1.06                      0.618654
-1.05                      0.623521
-1.04                      0.628403
-1.03                      0.633298
-1.02                      0.638205
-1.01                      0.643124
-1                      0.648054
-0.99                      0.652995
-0.98                      0.657945
-0.97                      0.662904
-0.96                      0.667871
-0.95                      0.672845
-0.94                      0.677826
-0.93                      0.682812
-0.92                      0.687803
-0.91                      0.692797
-0.9                      0.697795
-0.89                      0.702794
-0.88                      0.707794
-0.87                      0.712793
-0.86                      0.717792
-0.85                      0.722788
-0.84                      0.727781
-0.83                      0.73277
-0.82                      0.737754
-0.81                      0.742731
-0.8                      0.7477
-0.79                      0.75266
-0.78                      0.757611
-0.77                      0.76255
-0.76                      0.767477
-0.75                      0.77239
-0.74                      0.777288
-0.73                      0.78217
-0.72                      0.787034
-0.71                      0.79188
-0.7                      0.796705
-0.69                      0.80151
-0.68                      0.806291
-0.67                      0.811048
-0.66                      0.815779
-0.65                      0.820484
-0.64                      0.82516
-0.63                      0.829806
-0.62                      0.834421
-0.61                      0.839003
-0.6                      0.843551
-0.59                      0.848063
-0.58                      0.852538
-0.57                      0.856974
-0.56                      0.86137
-0.55                      0.865725
-0.54                      0.870036
-0.53                      0.874303
-0.52                      0.878523
-0.51                      0.882696
-0.5                      0.886819
-0.49                      0.890891
-0.48                      0.894912
-0.47                      0.898878
-0.46                      0.902789
-0.45                      0.906643
-0.44                      0.910438
-0.43                      0.914174
-0.42                      0.917849
-0.41                      0.92146
-0.4                      0.925007
-0.39                      0.928489
-0.38                      0.931903
-0.37                      0.935249
-0.36                      0.938524
-0.35                      0.941728
-0.34                      0.944859
-0.33                      0.947916
-0.32                      0.950897
-0.31                      0.953802
-0.3                      0.956628
-0.29                      0.959375
-0.28                      0.962041
-0.27                      0.964625
-0.26                      0.967127
-0.25                      0.969544
-0.24                      0.971875
-0.23                      0.974121
-0.22                      0.976279
-0.21                      0.978348
-0.2                      0.980328
-0.19                      0.982218
-0.18                      0.984016
-0.17                      0.985722
-0.16                      0.987335
-0.15                      0.988855
-0.14                      0.990279
-0.13                      0.991609
-0.12                      0.992843
-0.11                      0.99398
-0.1                      0.995021
-0.09                      0.995964
-0.08                      0.996808
-0.07                      0.997555
-0.06                      0.998203
-0.05                      0.998751
-0.04                      0.999201
-0.03                      0.99955
-0.02                      0.9998
-0.01                      0.99995
2.08167e-16                      1
0.01                      0.99995
0.02                      0.9998
0.03                      0.99955
0.04                      0.9992
0.05                      0.998751
0.06                      0.998203
0.07                      0.997555
0.08                      0.996808
0.09                      0.995964
0.1                      0.995021
0.11                      0.99398
0.12                      0.992843
0.13                      0.991609
0.14                      0.990279
0.15                      0.988854
0.16                      0.987335
0.17                      0.985722
0.18                      0.984016
0.19                      0.982218
0.2                      0.980328
0.21                      0.978348
0.22                      0.976279
0.23                      0.974121
0.24                      0.971875
0.25                      0.969544
0.26                      0.967126
0.27                      0.964625
0.28                      0.962041
0.29                      0.959375
0.3                      0.956628
0.31                      0.953802
0.32                      0.950897
0.33                      0.947916
0.34                      0.944859
0.35                      0.941728
0.36                      0.938524
0.37                      0.935248
0.38                      0.931903
0.39                      0.928489
0.4                      0.925007
0.41                      0.92146
0.42                      0.917849
0.43                      0.914174
0.44                      0.910438
0.45                      0.906643
0.46                      0.902789
0.47                      0.898878
0.48                      0.894911
0.49                      0.890891
0.5                      0.886819
0.51                      0.882696
0.52                      0.878523
0.53                      0.874303
0.54                      0.870036
0.55                      0.865725
0.56                      0.86137
0.57                      0.856974
0.58                      0.852538
0.59                      0.848063
0.6                      0.843551
0.61                      0.839003
0.62                      0.834421
0.63                      0.829806
0.64                      0.82516
0.65                      0.820484
0.66                      0.815779
0.67                      0.811048
0.68                      0.806291
0.69                      0.801509
0.7                      0.796705
0.71                      0.79188
0.72                      0.787034
0.73                      0.78217
0.74                      0.777288
0.75                      0.77239
0.76                      0.767477
0.77                      0.76255
0.78                      0.757611
0.79                      0.75266
0.8                      0.7477
0.81                      0.742731
0.82                      0.737754
0.83                      0.73277
0.84                      0.727781
0.85                      0.722788
0.86                      0.717792
0.87                      0.712793
0.88                      0.707794
0.89                      0.702794
0.9                      0.697795
0.91                      0.692797
0.92                      0.687803
0.93                      0.682812
0.94                      0.677826
0.95                      0.672845
0.96                      0.667871
0.97                      0.662904
0.98                      0.657945
0.99                      0.652995
1                      0.648054
1.01                      0.643124
1.02                      0.638205
1.03                      0.633298
1.04                      0.628403
1.05                      0.623521
1.06                      0.618654
1.07                      0.6138
1.08                      0.608962
1.09                      0.60414
1.1                      0.599334
1.11                      0.594545
1.12                      0.589773
1.13                      0.585019
1.14                      0.580284
1.15                      0.575568
1.16                      0.570871
1.17                      0.566194
1.18                      0.561537
1.19                      0.556901
1.2                      0.552286
1.21                      0.547693
1.22                      0.543121
1.23                      0.538572
1.24                      0.534046
1.25                      0.529542
1.26                      0.525062
1.27                      0.520605
1.28                      0.516172
1.29                      0.511763
1.3                      0.507379
1.31                      0.503019
1.32                      0.498684
1.33                      0.494374
1.34                      0.490089
1.35                      0.48583
1.36                      0.481596
1.37                      0.477389
1.38                      0.473207
1.39                      0.469051
1.4                      0.464922
1.41                      0.460819
1.42                      0.456743
1.43                      0.452693
1.44                      0.44867
1.45                      0.444673
1.46                      0.440704
1.47                      0.436761
1.48                      0.432846
1.49                      0.428957
1.5                      0.425096
1.51                      0.421262
1.52                      0.417455
1.53                      0.413675
1.54                      0.409922
1.55                      0.406197
1.56                      0.402499
1.57                      0.398828
1.58                      0.395184
1.59                      0.391568
1.6                      0.387978
1.61                      0.384416
1.62                      0.380881
1.63                      0.377372
1.64                      0.373891
1.65                      0.370437
1.66                      0.36701
1.67                      0.363609
1.68                      0.360235
1.69                      0.356888
1.7                      0.353567
1.71                      0.350273
1.72                      0.347006
1.73                      0.343764
1.74                      0.340549
1.75                      0.33736
1.76                      0.334198
1.77                      0.331061
1.78                      0.32795
1.79                      0.324864
1.8                      0.321805
1.81                      0.318771
1.82                      0.315762
1.83                      0.312779
1.84                      0.30982
1.85                      0.306887
1.86                      0.303979
1.87                      0.301095
1.88                      0.298236
1.89                      0.295402
1.9                      0.292592
1.91                      0.289806
1.92                      0.287044
1.93                      0.284307
1.94                      0.281593
1.95                      0.278903
1.96                      0.276236
1.97                      0.273593
1.98                      0.270973
1.99                      0.268376
2                      0.265802
2.01                      0.263251
2.02                      0.260723
2.03                      0.258217
2.04                      0.255734
2.05                      0.253272
2.06                      0.250833
2.07                      0.248416
2.08                      0.246021
2.09                      0.243647
2.1                      0.241294
2.11                      0.238963
2.12                      0.236654
2.13                      0.234365
2.14                      0.232097
2.15                      0.22985
2.16                      0.227623
2.17                      0.225417
2.18                      0.223231
2.19                      0.221065
2.2                      0.218919
2.21                      0.216792
2.22                      0.214686
2.23                      0.212599
2.24                      0.210531
2.25                      0.208482
2.26                      0.206453
2.27                      0.204442
2.28                      0.20245
2.29                      0.200477
2.3                      0.198522
2.31                      0.196586
2.32                      0.194667
2.33                      0.192767
2.34                      0.190884
2.35                      0.189019
2.36                      0.187172
2.37                      0.185342
2.38                      0.183529
2.39                      0.181734
2.4                      0.179955
2.41                      0.178193
2.42                      0.176448
2.43                      0.174719
2.44                      0.173007
2.45                      0.171311
2.46                      0.169632
2.47                      0.167968
2.48                      0.16632
2.49                      0.164688
2.5                      0.163071
2.51                      0.16147
2.52                      0.159884
2.53                      0.158313
2.54                      0.156758
2.55                      0.155217
2.56                      0.153691
2.57                      0.15218
2.58                      0.150683
2.59                      0.1492
2.6                      0.147732
2.61                      0.146278
2.62                      0.144838
2.63                      0.143412
2.64                      0.141999
2.65                      0.140601
2.66                      0.139215
2.67                      0.137843
2.68                      0.136485
2.69                      0.135139
2.7                      0.133807
2.71                      0.132487
2.72                      0.13118
2.73                      0.129886
2.74                      0.128604
2.75                      0.127335
2.76                      0.126078
2.77                      0.124834
2.78                      0.123601
2.79                      0.122381
2.8                      0.121172
2.81                      0.119975
2.82                      0.11879
2.83                      0.117616
2.84                      0.116454
2.85                      0.115303
2.86                      0.114163
2.87                      0.113034
2.88                      0.111917
2.89                      0.11081
2.9                      0.109714
2.91                      0.108629
2.92                      0.107555
2.93                      0.10649
2.94                      0.105437
2.95                      0.104393
2.96                      0.10336
2.97                      0.102337
2.98                      0.101324
2.99                      0.100321
3                      0.0993279
3.01                      0.0983444
3.02                      0.0973705
3.03                      0.0964062
3.04                      0.0954514
3.05                      0.0945059
3.06                      0.0935697
3.07                      0.0926427
3.08                      0.0917248
3.09                      0.0908159
3.1                      0.0899159
3.11                      0.0890248
3.12                      0.0881425
3.13                      0.0872688
3.14                      0.0864037
3.15                      0.0855472
3.16                      0.084699
3.17                      0.0838592
3.18                      0.0830277
3.19                      0.0822044
3.2                      0.0813892
3.21                      0.080582
3.22                      0.0797827
3.23                      0.0789914
3.24                      0.0782078
3.25                      0.077432
3.26                      0.0766638
3.27                      0.0759032
3.28                      0.0751501
3.29                      0.0744044
3.3                      0.0736661
3.31                      0.0729351
3.32                      0.0722113
3.33                      0.0714946
3.34                      0.070785
3.35                      0.0700824
3.36                      0.0693868
3.37                      0.068698
3.38                      0.0680161
3.39                      0.0673408
3.4                      0.0666723
3.41                      0.0660103
3.42                      0.0653549
3.43                      0.064706
3.44                      0.0640635
3.45                      0.0634273
3.46                      0.0627975
3.47                      0.0621739
3.48                      0.0615564
3.49                      0.060945
3.5                      0.0603397
3.51                      0.0597404
3.52                      0.059147
3.53                      0.0585595
3.54                      0.0579778
3.55                      0.0574019
3.56                      0.0568317
3.57                      0.0562671
3.58                      0.0557081
3.59                      0.0551546
3.6                      0.0546067
3.61                      0.0540641
3.62                      0.053527
3.63                      0.0529951
3.64                      0.0524685
3.65                      0.0519472
3.66                      0.051431
3.67                      0.0509199
3.68                      0.0504139
3.69                      0.0499129
3.7                      0.0494168
3.71                      0.0489257
3.72                      0.0484395
3.73                      0.0479581
3.74                      0.0474814
3.75                      0.0470095
3.76                      0.0465422
3.77                      0.0460796
3.78                      0.0456216
3.79                      0.0451681
3.8                      0.0447192
3.81                      0.0442746
3.82                      0.0438345
3.83                      0.0433988
3.84                      0.0429673
3.85                      0.0425402
3.86                      0.0421173
3.87                      0.0416986
3.88                      0.041284
3.89                      0.0408736
3.9                      0.0404672
3.91                      0.0400649
3.92                      0.0396666
3.93                      0.0392722
3.94                      0.0388817
3.95                      0.0384951
3.96                      0.0381124
3.97                      0.0377334
3.98                      0.0373582
3.99                      0.0369868
4                      0.036619
4.01                      0.0362549
4.02                      0.0358944
4.03                      0.0355374
4.04                      0.035184
4.05                      0.0348342
4.06                      0.0344878
4.07                      0.0341448
4.08                      0.0338053
4.09                      0.0334691
4.1                      0.0331362
4.11                      0.0328067
4.12                      0.0324805
4.13                      0.0321574
4.14                      0.0318376
4.15                      0.031521
4.16                      0.0312075
4.17                      0.0308971
4.18                      0.0305899
4.19                      0.0302856
4.2                      0.0299844
4.21                      0.0296862
4.22                      0.0293909
4.23                      0.0290986
4.24                      0.0288092
4.25                      0.0285227
4.26                      0.028239
4.27                      0.0279581
4.28                      0.02768
4.29                      0.0274047
4.3                      0.0271321
4.31                      0.0268622
4.32                      0.0265951
4.33                      0.0263305
4.34                      0.0260686
4.35                      0.0258093
4.36                      0.0255526
4.37                      0.0252984
4.38                      0.0250468
4.39                      0.0247976
4.4                      0.024551
4.41                      0.0243068
4.42                      0.024065
4.43                      0.0238256
4.44                      0.0235886
4.45                      0.0233539
4.46                      0.0231216
4.47                      0.0228916
4.48                      0.0226639
4.49                      0.0224385
4.5                      0.0222152
4.51                      0.0219943
4.52                      0.0217755
4.53                      0.0215588
4.54                      0.0213444
4.55                      0.021132
4.56                      0.0209218
4.57                      0.0207137
4.58                      0.0205076
4.59                      0.0203036
4.6                      0.0201016
4.61                      0.0199017
4.62                      0.0197037
4.63                      0.0195077
4.64                      0.0193136
4.65                      0.0191215
4.66                      0.0189312
4.67                      0.0187429
4.68                      0.0185564
4.69                      0.0183718
4.7                      0.018189
4.71                      0.0180081
4.72                      0.0178289
4.73                      0.0176516
4.74                      0.017476
4.75                      0.0173021
4.76                      0.01713
4.77                      0.0169595
4.78                      0.0167908
4.79                      0.0166238
4.8                      0.0164584
4.81                      0.0162946
4.82                      0.0161325
4.83                      0.015972
4.84                      0.0158131
4.85                      0.0156558
4.86                      0.0155
4.87                      0.0153458
4.88                      0.0151932
4.89                      0.015042
4.9                      0.0148923
4.91                      0.0147442
4.92                      0.0145975
4.93                      0.0144523
4.94                      0.0143085
4.95                      0.0141661
4.96                      0.0140252
4.97                      0.0138856
4.98                      0.0137475
4.99                      0.0136107
5                      0.0134753
5.01                      0.0133412
5.02                      0.0132085
5.03                      0.0130771
5.04                      0.012947
5.05                      0.0128181
5.06                      0.0126906
5.07                      0.0125643
5.08                      0.0124393
5.09                      0.0123156
5.1                      0.012193
5.11                      0.0120717
5.12                      0.0119516
5.13                      0.0118327
5.14                      0.011715
5.15                      0.0115984
5.16                      0.011483
5.17                      0.0113688
5.18                      0.0112557
5.19                      0.0111437
5.2                      0.0110328
5.21                      0.010923
5.22                      0.0108143
5.23                      0.0107067
5.24                      0.0106002
5.25                      0.0104947
5.26                      0.0103903
5.27                      0.0102869
5.28                      0.0101846
5.29                      0.0100833
5.3                      0.00998294
5.31                      0.00988361
5.32                      0.00978527
5.33                      0.00968791
5.34                      0.00959152
5.35                      0.00949609
5.36                      0.0094016
5.37                      0.00930806
5.38                      0.00921545
5.39                      0.00912376
5.4                      0.00903298
5.41                      0.0089431
5.42                      0.00885412
5.43                      0.00876602
5.44                      0.0086788
5.45                      0.00859245
5.46                      0.00850696
5.47                      0.00842231
5.48                      0.00833851
5.49                      0.00825555
5.5                      0.00817341
5.51                      0.00809208
5.52                      0.00801157
5.53                      0.00793185
5.54                      0.00785293
5.55                      0.0077748
5.56                      0.00769744
5.57                      0.00762085
5.58                      0.00754502
5.59                      0.00746995
5.6                      0.00739563
5.61                      0.00732204
5.62                      0.00724919
5.63                      0.00717706
5.64                      0.00710565
5.65                      0.00703495
5.66                      0.00696495
5.67                      0.00689565
5.68                      0.00682704
5.69                      0.00675911
5.7                      0.00669186
5.71                      0.00662527
5.72                      0.00655935
5.73                      0.00649409
5.74                      0.00642947
5.75                      0.0063655
5.76                      0.00630216
5.77                      0.00623945
5.78                      0.00617737
5.79                      0.00611591
5.8                      0.00605505
5.81                      0.00599481
5.82                      0.00593516
5.83                      0.0058761
5.84                      0.00581764
5.85                      0.00575975
5.86                      0.00570244
5.87                      0.0056457
5.88                      0.00558953
5.89                      0.00553391
5.9                      0.00547885
5.91                      0.00542433
5.92                      0.00537036
5.93                      0.00531693
5.94                      0.00526402
5.95                      0.00521165
5.96                      0.00515979
5.97                      0.00510845
5.98                      0.00505762
5.99                      0.0050073
6                      0.00495747
6.01                      0.00490815
6.02                      0.00485931
6.03                      0.00481096
6.04                      0.00476309
6.05                      0.0047157
6.06                      0.00466878
6.07                      0.00462232
6.08                      0.00457633
6.09                      0.00453079
6.1                      0.00448571
6.11                      0.00444108
6.12                      0.00439689
6.13                      0.00435314
6.14                      0.00430983
6.15                      0.00426694
6.16                      0.00422449
6.17                      0.00418245
6.18                      0.00414084
6.19                      0.00409964
6.2                      0.00405884
6.21                      0.00401846
6.22                      0.00397847
6.23                      0.00393889
6.24                      0.0038997
6.25                      0.00386089
6.26                      0.00382248
6.27                      0.00378444
6.28                      0.00374679
6.29                      0.00370951
6.3                      0.0036726
6.31                      0.00363605
6.32                      0.00359988
6.33                      0.00356406
6.34                      0.00352859
6.35                      0.00349348
6.36                      0.00345872
6.37                      0.00342431
6.38                      0.00339024
6.39                      0.0033565
6.4                      0.00332311
6.41                      0.00329004
6.42                      0.0032573
6.43                      0.00322489
6.44                      0.00319281
6.45                      0.00316104
6.46                      0.00312958
6.47                      0.00309844
6.48                      0.00306761
6.49                      0.00303709
6.5                      0.00300687
6.51                      0.00297695
6.52                      0.00294733
6.53                      0.00291801
6.54                      0.00288897
6.55                      0.00286023
6.56                      0.00283177
6.57                      0.00280359
6.58                      0.00277569
6.59                      0.00274807
6.6                      0.00272073
6.61                      0.00269366
6.62                      0.00266686
6.63                      0.00264032
6.64                      0.00261405
6.65                      0.00258804
6.66                      0.00256229
6.67                      0.00253679
6.68                      0.00251155
6.69                      0.00248656
6.7                      0.00246182
6.71                      0.00243732
6.72                      0.00241307
6.73                      0.00238906
6.74                      0.00236529
6.75                      0.00234176
6.76                      0.00231846
6.77                      0.00229539
6.78                      0.00227255
6.79                      0.00224993
6.8                      0.00222755
6.81                      0.00220538
6.82                      0.00218344
6.83                      0.00216171
6.84                      0.0021402
6.85                      0.00211891
6.86                      0.00209783
6.87                      0.00207695
6.88                      0.00205629
6.89                      0.00203583
6.9                      0.00201557
6.91                      0.00199551
6.92                      0.00197566
6.93                      0.001956
6.94                      0.00193654
6.95                      0.00191727
6.96                      0.00189819
6.97                      0.0018793
6.98                      0.0018606
6.99                      0.00184209
7                      0.00182376
7.01                      0.00180562
7.02                      0.00178765
7.03                      0.00176986
7.04                      0.00175225
7.05                      0.00173482
7.06                      0.00171755
7.07                      0.00170046
7.08                      0.00168354
7.09                      0.00166679
7.1                      0.00165021
7.11                      0.00163379
7.12                      0.00161753
7.13                      0.00160144
7.14                      0.0015855
7.15                      0.00156973
7.16                      0.00155411
7.17                      0.00153864
7.18                      0.00152333
7.19                      0.00150818
7.2                      0.00149317
7.21                      0.00147831
7.22                      0.0014636
7.23                      0.00144904
7.24                      0.00143462
7.25                      0.00142035
7.26                      0.00140622
7.27                      0.00139222
7.28                      0.00137837
7.29                      0.00136466
7.3                      0.00135108
7.31                      0.00133763
7.32                      0.00132432
7.33                      0.00131115
7.34                      0.0012981
7.35                      0.00128518
7.36                      0.0012724
7.37                      0.00125974
7.38                      0.0012472
7.39                      0.00123479
7.4                      0.0012225
7.41                      0.00121034
7.42                      0.0011983
7.43                      0.00118637
7.44                      0.00117457
7.45                      0.00116288
7.46                      0.00115131
7.47                      0.00113986
7.48                      0.00112851
7.49                      0.00111729
7.5                      0.00110617
7.51                      0.00109516
7.52                      0.00108426
7.53                      0.00107348
7.54                      0.00106279
7.55                      0.00105222
7.56                      0.00104175
7.57                      0.00103138
7.58                      0.00102112
7.59                      0.00101096
7.6                      0.0010009
7.61                      0.000990943
7.62                      0.000981083
7.63                      0.000971321
7.64                      0.000961657
7.65                      0.000952088
7.66                      0.000942615
7.67                      0.000933235
7.68                      0.00092395
7.69                      0.000914756
7.7                      0.000905654
7.71                      0.000896643
7.72                      0.000887721
7.73                      0.000878888
7.74                      0.000870143
7.75                      0.000861485
7.76                      0.000852913
7.77                      0.000844426
7.78                      0.000836024
7.79                      0.000827706
7.8                      0.00081947
7.81                      0.000811316
7.82                      0.000803243
7.83                      0.000795251
7.84                      0.000787338
7.85                      0.000779504
7.86                      0.000771748
7.87                      0.000764069
7.88                      0.000756466
7.89                      0.000748939
7.9                      0.000741487
7.91                      0.000734109
7.92                      0.000726805
7.93                      0.000719573
7.94                      0.000712413
7.95                      0.000705324
7.96                      0.000698306
7.97                      0.000691358
7.98                      0.000684479
7.99                      0.000677668
8                      0.000670925
8.01                      0.000664249
8.02                      0.00065764
8.03                      0.000651096
8.04                      0.000644618
8.05                      0.000638204
8.06                      0.000631854
8.07                      0.000625566
8.08                      0.000619342
8.09                      0.000613179
8.1                      0.000607078
8.11                      0.000601038
8.12                      0.000595057
8.13                      0.000589136
8.14                      0.000583274
8.15                      0.000577471
8.16                      0.000571725
8.17                      0.000566036
8.18                      0.000560404
8.19                      0.000554828
8.2                      0.000549307
8.21                      0.000543841
8.22                      0.00053843
8.23                      0.000533073
8.24                      0.000527768
8.25                      0.000522517
8.26                      0.000517318
8.27                      0.000512171
8.28                      0.000507074
8.29                      0.000502029
8.3                      0.000497034
8.31                      0.000492088
8.32                      0.000487192
8.33                      0.000482344
8.34                      0.000477545
8.35                      0.000472793
8.36                      0.000468089
8.37                      0.000463431
8.38                      0.00045882
8.39                      0.000454255
8.4                      0.000449735
8.41                      0.00044526
8.42                      0.000440829
8.43                      0.000436443
8.44                      0.0004321
8.45                      0.000427801
8.46                      0.000423544
8.47                      0.00041933
8.48                      0.000415157
8.49                      0.000411026
8.5                      0.000406937
8.51                      0.000402888
8.52                      0.000398879
8.53                      0.00039491
8.54                      0.00039098
8.55                      0.00038709
8.56                      0.000383239
8.57                      0.000379425
8.58                      0.00037565
8.59                      0.000371912
8.6                      0.000368212
8.61                      0.000364548
8.62                      0.00036092
8.63                      0.000357329
8.64                      0.000353774
8.65                      0.000350254
8.66                      0.000346769
8.67                      0.000343318
8.68                      0.000339902
8.69                      0.00033652
8.7                      0.000333172
8.71                      0.000329856
8.72                      0.000326574
8.73                      0.000323325
8.74                      0.000320108
8.75                      0.000316923
8.76                      0.000313769
8.77                      0.000310647
8.78                      0.000307556
8.79                      0.000304496
8.8                      0.000301466
8.81                      0.000298466
8.82                      0.000295497
8.83                      0.000292556
8.84                      0.000289645
8.85                      0.000286763
8.86                      0.00028391
8.87                      0.000281085
8.88                      0.000278288
8.89                      0.000275519
8.9                      0.000272778
8.91                      0.000270064
8.92                      0.000267376
8.93                      0.000264716
8.94                      0.000262082
8.95                      0.000259474
8.96                      0.000256892
8.97                      0.000254336
8.98                      0.000251806
8.99                      0.0002493
9                      0.00024682
9.01                      0.000244364
9.02                      0.000241932
9.03                      0.000239525
9.04                      0.000237142
9.05                      0.000234782
9.06                      0.000232446
9.07                      0.000230133
9.08                      0.000227843
9.09                      0.000225576
9.1                      0.000223332
9.11                      0.000221109
9.12                      0.000218909
9.13                      0.000216731
9.14                      0.000214575
9.15                      0.00021244
9.16                      0.000210326
9.17                      0.000208233
9.18                      0.000206161
9.19                      0.00020411
9.2                      0.000202079
9.21                      0.000200068
9.22                      0.000198077
9.23                      0.000196106
9.24                      0.000194155
9.25                      0.000192223
9.26                      0.000190311
9.27                      0.000188417
9.28                      0.000186542
9.29                      0.000184686
9.3                      0.000182848
9.31                      0.000181029
9.32                      0.000179228
9.33                      0.000177444
9.34                      0.000175679
9.35                      0.000173931
9.36                      0.0001722
9.37                      0.000170487
9.38                      0.00016879
9.39                      0.000167111
9.4                      0.000165448
9.41                      0.000163802
9.42                      0.000162172
9.43                      0.000160558
9.44                      0.000158961
9.45                      0.000157379
9.46                      0.000155813
9.47                      0.000154263
9.48                      0.000152728
9.49                      0.000151208
9.5                      0.000149704
9.51                      0.000148214
9.52                      0.000146739
9.53                      0.000145279
9.54                      0.000143834
9.55                      0.000142403
9.56                      0.000140986
9.57                      0.000139583
9.58                      0.000138194
9.59                      0.000136819
9.6                      0.000135457
9.61                      0.00013411
9.62                      0.000132775
9.63                      0.000131454
9.64                      0.000130146
9.65                      0.000128851
9.66                      0.000127569
9.67                      0.0001263
9.68                      0.000125043
9.69                      0.000123799
9.7                      0.000122567
9.71                      0.000121347
9.72                      0.00012014
9.73                      0.000118945
9.74                      0.000117761
9.75                      0.000116589
9.76                      0.000115429
9.77                      0.000114281
9.78                      0.000113144
9.79                      0.000112018
9.8                      0.000110903
9.81                      0.0001098
9.82                      0.000108707
9.83                      0.000107626
9.84                      0.000106555
9.85                      0.000105494
9.86                      0.000104445
9.87                      0.000103405
9.88                      0.000102377
9.89                      0.000101358
9.9                      0.000100349
9.91                      9.93509e-05
9.92                      9.83623e-05
9.93                      9.73836e-05
9.94                      9.64146e-05
9.95                      9.54553e-05
9.96                      9.45055e-05
9.97                      9.35651e-05
9.98                      9.26341e-05
9.99                      9.17124e-05
